92 79 57 81 45 49 77 69 36 48
39 79 42 28 1 91 25 68 46 43
68 0 46 89 32 73 57 15 94 70
88 61 45 21 17 15 98 32 44 53
99 51 79 85 98 0 39 66 67 70
21 53 46 88 40 64 58 70 90 59
94 8 31 36 48 26 50 33 49 18
11 75 77 61 3 2 41 19 7 24
6 74 85 35 42 43 72 24 11 15
87 38 67 27 97 61 20 25 26 76
1 59 79 98 65 95 87 81 44 34
4 64 44 41 2 16 26 54 33 97
10 45 92 76 25 49 38 73 74 65
79 92 46 82 97 5 44 85 71 43
89 37 45 99 68 0 29 23 43 28
61 53 4 8 74 83 49 6 50 89
89 95 10 4 19 72 39 46 41 55
3 5 12 8 84 69 55 31 48 4
40 86 74 20 12 80 27 69 42 28
43 99 95 3 22 73 60 81 50 6
72 17 99 65 45 9 70 27 59 12
43 82 6 47 62 79 51 0 28 67
88 6 47 39 10 7 68 8 84 12
47 88 67 62 46 19 57 65 76 80
23 19 59 96 0 81 12 99 75 69
67 65 5 74 58 81 12 27 64 75
18 57 21 95 99 50 25 47 19 91
16 76 68 5 33 59 6 81 30 62
95 65 22 33 69 26 51 87 62 63
34 51 98 47 61 97 91 14 22 33
54 28 25 70 48 65 75 2 98 24
34 91 73 95 83 17 67 96 72 45
25 21 29 85 24 52 79 92 82 3
10 25 26 55 73 52 6 37 63 39
33 61 98 66 71 90 55 75 77 28
88 31 22 92 91 8 71 24 70 46
9 81 43 71 41 95 38 72 96 27
88 81 79 96 16 10 70 2 13 40
37 59 70 62 86 63 90 45 18 93
97 93 26 44 74 38 20 43 71 58
34 41 7 0 62 69 2 52 66 35
50 33 16 14 65 99 87 77 97 76
50 54 62 92 25 16 61 94 29 30
53 91 23 30 43 33 16 81 90 35
22 63 69 79 70 37 39 57 87 0
23 24 88 32 14 59 55 81 17 91
5 28 16 72 26 60 39 57 24 83
52 16 1 68 45 98 18 72 46 29
9 50 96 22 86 75 1 31 45 68
88 50 14 80 53 96 76 63 16 41
37 77 97 93 64 32 81 36 85 47
44 92 78 43 33 14 54 82 94 64
21 7 97 47 76 48 34 29 57 35
61 20 40 7 29 67 23 17 39 79
32 49 66 3 73 78 51 70 99 86
82 40 11 4 52 72 83 97 14 43
45 55 90 95 92 13 62 50 86 94
79 88 33 64 37 39 51 85 55 99
55 9 8 40 47 24 89 91 57 20
74 48 9 10 0 49 26 79 92 89
31 89 45 54 18 15 81 56 52 69
78 73 15 47 54 42 26 19 0 81
3 71 75 19 60 73 98 6 62 70
15 21 88 50 63 90 48 66 95 77
39 12 47 93 84 28 15 72 18 31
43 73 59 77 22 58 38 41 82 86
92 24 46 0 88 20 9 28 53 91
18 34 64 15 83 74 19 80 37 17
76 56 83 29 61 91 16 9 64 26
52 24 57 83 72 6 89 32 53 15
86 95 83 20 18 61 22 79 47 55
5 15 36 18 80 37 4 76 21 16
93 36 45 41 26 19 88 44 99 89
31 28 24 73 8 82 61 57 88 91
37 50 28 8 40 36 20 93 73 77
65 77 18 22 61 39 13 68 49 96
59 32 72 83 88 60 86 33 53 23
36 55 70 84 73 6 67 98 11 29
12 78 8 32 25 97 65 79 72 99
14 26 97 48 24 77 6 27 85 78
72 9 71 79 97 76 58 31 33 4
91 72 22 39 75 40 83 19 59 97
34 75 66 17 46 2 96 14 91 68
67 57 52 25 1 39 5 75 35 84
58 47 70 32 69 44 24 42 91 11
30 7 89 10 45 41 69 15 84 8
44 48 31 74 79 35 83 17 72 12
84 49 37 3 63 6 51 5 81 35
82 92 54 18 47 61 25 15 93 11
70 75 33 58 85 84 77 36 56 43
25 97 79 21 32 66 23 87 51 58
3 71 2 6 98 96 8 83 29 13
24 52 1 28 11 67 34 21 26 37
40 41 57 50 98 4 27 30 2 28
59 57 11 69 68 45 36 83 39 78
37 14 28 53 59 71 4 73 99 35
26 16 96 66 24 98 29 2 12 39
89 65 43 60 85 84 68 59 33 16
6 96 27 84 93 79 1 9 28 40
93 34 23 87 67 71 37 55 26 62
60 9 67 72 68 21 88 10 69 1
57 27 89 43 38 86 64 22 82 23
55 36 99 37 84 43 54 39 57 5
39 2 88 76 68 96 51 54 28 1
43 13 1 78 77 9 48 63 73 85
28 39 10 9 57 50 84 24 81 55
2 53 56 7 42 71 8 23 77 67
72 89 41 14 78 24 70 35 18 83
43 19 16 9 93 44 80 87 5 68
51 80 83 55 70 0 60 31 39 64
91 74 89 36 44 76 66 56 84 87
27 49 19 74 77 28 79 61 88 16
99 26 32 11 86 71 20 0 35 58
54 60 67 84 59 26 22 30 36 98
26 68 36 70 44 24 95 74 50 16
44 47 68 42 69 17 89 77 74 81
63 32 53 80 54 64 65 21 33 36
23 33 21 53 67 39 85 6 64 0
54 75 84 2 18 94 29 17 38 3
16 43 46 58 44 97 98 87 38 67
2 39 29 63 92 46 14 32 76 48
55 63 97 12 68 19 31 34 44 29
21 4 5 86 96 54 66 67 57 24
77 9 78 95 11 37 40 94 86 22
9 76 30 64 19 87 29 80 42 49
3 88 36 9 52 97 92 6 19 57
84 89 58 19 50 53 45 57 63 66
85 41 10 98 3 97 34 79 50 54
6 55 40 82 38 81 23 25 56 83
86 23 88 51 34 76 95 1 11 13
68 0 94 15 92 57 11 8 78 96
8 71 56 66 90 26 54 49 35 39
36 17 20 79 34 18 71 46 78 30
22 53 65 6 94 76 30 60 79 39
47 56 59 54 87 96 45 70 85 26
38 39 35 77 96 95 27 88 11 90
98 15 23 67 20 22 37 73 43 1
77 10 34 38 5 17 7 39 29 62
22 63 89 40 78 8 77 32 57 70
53 96 28 48 70 90 45 59 54 36
54 0 68 78 2 13 80 18 24 17
15 1 85 74 75 33 43 34 67 57
84 73 74 48 12 23 11 91 32 96
45 17 47 56 37 13 11 54 5 0
62 78 32 82 14 22 87 94 75 31
67 55 26 90 47 22 95 86 5 78
10 58 15 62 73 60 11 3 39 96
52 80 75 7 42 25 5 74 65 73
48 13 63 52 81 78 51 71 5 9
90 29 88 72 81 49 36 2 22 69
61 33 3 65 68 45 23 90 89 41
78 30 58 41 33 31 45 9 85 34
33 83 48 24 99 45 28 66 0 37
66 77 16 14 17 55 57 3 94 68
90 21 15 69 14 28 32 85 23 78
33 52 50 81 59 74 79 5 51 14
19 25 89 67 71 37 76 68 62 20
87 99 7 23 15 48 96 16 44 90
4 49 14 85 47 99 16 77 40 27
86 37 16 50 11 46 20 6 58 42
95 92 58 56 39 77 81 28 9 46
37 12 76 43 57 80 23 38 66 67
48 98 0 2 15 71 80 55 74 27
34 82 90 44 71 58 55 35 42 8
35 15 3 74 7 8 69 24 52 50
85 14 3 0 46 33 40 80 25 9
40 83 14 6 69 93 3 58 80 41
64 72 16 76 3 78 45 24 69 97
76 83 59 58 73 60 46 75 40 17
37 12 7 8 59 46 4 30 79 5
85 8 65 18 93 48 64 53 0 94
67 69 49 60 10 98 17 63 43 8
59 21 67 79 28 50 77 5 65 76
92 1 87 48 99 2 61 51 29 42
86 4 32 43 66 76 11 28 93 71
73 16 3 57 12 41 62 45 49 78
55 66 51 65 58 76 39 36 89 77
70 67 86 31 82 43 36 73 8 13
13 9 28 18 52 2 82 31 42 8
54 14 89 90 56 44 37 23 8 87
79 29 62 42 82 25 28 87 45 86
77 55 63 45 35 84 18 70 54 65
36 73 92 1 53 4 51 66 6 55
86 91 69 14 5 98 22 74 70 20
65 14 93 75 41 43 23 99 12 49
30 45 24 80 49 67 59 92 85 71
77 3 33 11 70 46 60 30 58 10
18 85 41 45 46 33 10 92 38 50
7 59 95 81 28 66 50 33 74 96
61 68 10 16 94 9 56 50 67 40
30 79 48 24 93 89 82 91 72 96
36 13 34 54 57 48 58 33 81 14
77 42 47 96 6 20 9 90 15 88
97 42 2 85 79 52 92 62 84 77
23 34 9 83 67 92 32 49 1 95
19 13 12 70 32 5 54 29 82 23
38 11 8 41 26 90 24 47 31 18
70 0 85 11 16 81 93 82 27 94
46 12 71 14 80 11 41 86 65 98
47 18 85 20 11 73 62 43 68 84
11 52 90 44 76 80 3 71 94 84
3 93 47 35 4 88 60 70 79 91
94 33 79 74 15 48 24 12 51 18
92 69 41 28 16 84 6 62 72 31
90 7 99 8 58 73 60 24 61 89
56 8 52 37 87 51 78 39 35 42
63 20 39 15 25 82 11 61 9 47
3 89 84 47 97 86 17 59 77 42
46 39 98 18 8 6 85 79 55 17
95 43 46 74 75 92 91 0 89 65
60 45 14 73 50 77 96 38 18 52
27 18 28 17 94 46 54 84 32 97
75 73 59 45 91 93 35 40 61 68
16 99 95 32 52 67 34 46 60 91
62 0 59 16 48 56 92 75 35 55
62 61 97 81 44 90 88 89 41 22
52 27 83 20 17 66 2 89 70 23
87 34 20 94 15 9 13 74 6 39
80 64 39 4 12 49 27 79 66 45
78 75 39 33 23 50 12 27 11 88
3 75 59 41 4 22 86 54 51 98
59 62 86 1 53 89 18 7 12 23
9 30 45 37 95 19 59 0 33 29
29 22 20 52 4 72 39 87 67 70
44 59 38 95 77 46 56 70 91 10
43 36 51 74 1 16 54 66 67 96
15 68 13 12 18 28 63 91 90 71
41 5 20 91 98 94 16 4 11 22
79 18 26 39 73 61 21 53 80 72
29 95 99 65 30 15 55 43 85 59
42 69 40 34 51 26 16 12 19 5
76 25 37 7 56 20 41 29 93 42
63 20 97 48 71 98 35 10 24 50
10 68 67 9 81 94 54 29 22 17
28 39 9 59 51 33 45 49 79 2
28 20 9 42 82 93 76 75 34 13
14 5 21 75 28 9 88 76 92 32
48 9 5 28 42 36 17 88 82 27
12 92 23 8 99 71 62 74 5 35
65 17 35 81 86 5 82 25 79 91
85 83 61 71 1 67 49 51 58 35
93 31 78 84 89 28 69 71 18 87
53 76 84 60 78 17 37 4 34 71
54 73 36 49 60 31 27 18 89 91
97 58 13 81 92 60 23 26 68 36
8 92 90 4 31 24 17 59 95 41
85 6 61 12 32 77 98 51 27 90
99 10 70 9 87 98 93 94 45 61
25 32 80 44 61 66 59 34 98 57
90 83 89 78 37 28 88 97 38 58
23 45 83 91 69 43 82 55 41 53
15 17 22 49 29 54 56 46 8 13
40 30 33 93 65 8 60 53 57 17
51 66 42 82 31 28 74 93 62 64
92 69 66 9 29 24 68 39 12 21
52 21 33 55 15 78 87 92 77 37
77 97 99 25 15 81 44 8 45 40
51 95 47 72 26 0 53 20 44 60
64 36 71 9 1 88 83 21 72 17
34 95 88 68 27 15 76 53 6 32
12 24 52 92 80 17 78 97 25 3
97 14 5 48 98 26 44 35 50 16
71 33 74 12 6 47 21 57 73 66
16 38 9 25 50 47 85 39 78 60
93 76 45 81 36 91 82 97 64 40
31 87 27 1 10 50 81 44 70 19
33 43 12 34 4 47 52 81 3 89
71 20 26 9 63 62 41 19 6 18
9 25 15 21 2 86 38 17 7 63
56 81 43 44 74 61 69 30 73 15
12 76 49 45 48 33 29 55 24 2
31 17 52 91 25 48 87 92 75 29
76 97 0 56 42 22 35 52 60 81
12 21 93 94 7 88 68 23 91 49
40 18 14 32 94 87 43 73 30 79
28 37 40 41 75 29 19 97 11 32
47 37 6 2 89 3 64 83 97 38
77 83 15 19 26 98 89 51 65 16
20 68 88 0 61 95 73 72 74 12
15 30 86 31 25 82 63 45 41 52
55 11 23 45 40 85 62 79 24 71
19 63 37 88 96 73 90 45 64 43
40 77 57 28 7 18 51 63 66 84
62 84 2 80 15 6 43 52 74 26
12 52 43 18 35 11 42 96 3 45
8 41 58 90 84 68 66 98 24 54
99 92 7 44 73 83 88 61 1 30
36 1 55 17 24 11 62 50 86 49
87 70 21 54 85 82 46 19 62 31
51 96 8 64 22 29 89 9 34 24
98 31 38 96 72 91 53 46 14 86
60 12 75 3 53 64 73 34 82 70
17 81 19 50 60 4 73 63 44 29
73 67 11 98 3 54 34 70 75 24
43 63 80 96 50 46 3 86 78 11
90 66 14 69 11 49 87 43 15 72
86 70 61 90 30 38 28 20 78 53
58 49 22 80 96 51 29 87 35 8
94 17 70 19 25 15 85 83 34 74
12 65 48 38 21 82 45 73 41 13
67 91 82 59 64 77 43 46 26 37
82 32 0 44 36 21 26 96 24 1
47 96 31 69 33 60 19 2 32 89
53 82 47 0 81 67 38 93 95 52
6 37 47 81 92 57 87 75 66 19
74 75 92 11 32 46 43 62 35 85
57 23 71 82 59 50 56 5 33 77
48 62 27 67 85 68 58 57 40 33
23 76 55 3 89 4 42 47 94 79
0 28 38 82 69 33 47 35 70 60
43 40 21 71 12 15 38 2 46 42
47 54 19 67 26 88 85 18 10 14
2 97 81 53 85 8 23 14 67 34
15 71 79 68 30 34 10 78 3 20
91 86 75 31 17 0 61 69 37 25
55 36 54 65 89 30 42 14 11 87
73 70 7 86 5 71 30 2 81 85
73 82 40 9 50 0 77 18 25 94
6 36 77 1 17 45 25 2 26 44
1 68 43 45 88 93 9 63 24 18
44 60 28 83 49 69 93 33 43 0
46 37 53 55 24 19 35 51 59 88
98 30 35 74 63 66 43 2 83 96
5 97 44 0 21 75 95 26 14 65
53 2 48 45 35 82 8 17 74 3
47 45 75 81 78 69 37 2 99 21
72 34 69 4 54 67 6 47 78 88
63 66 96 55 78 45 20 11 60 18
16 32 47 93 87 97 81 73 72 36
74 41 32 90 71 14 67 69 66 0
44 9 55 95 22 28 89 38 49 57
52 41 27 65 72 60 2 53 28 55
17 97 75 86 39 18 85 98 7 89
21 85 75 17 69 87 32 59 33 9
4 20 13 30 29 35 74 25 88 5
25 22 53 34 60 11 42 89 24 23
27 34 46 32 89 18 54 8 48 67
27 0 43 95 87 77 52 75 66 48
62 65 31 97 39 53 33 46 43 78
99 59 1 66 44 95 30 60 33 12
62 15 51 35 93 39 90 34 85 30
89 57 94 72 78 50 24 71 60 53
77 68 55 83 6 56 94 50 4 59
48 81 8 57 95 60 68 69 73 4
82 96 0 78 94 29 66 28 6 42
49 57 40 89 94 63 13 27 31 10
81 24 49 55 46 59 94 7 51 43
3 21 82 87 61 0 31 55 77 95
81 41 80 96 16 53 1 75 62 7
27 92 15 19 63 38 58 59 84 52
24 73 25 81 49 12 86 39 76 13
96 32 81 56 71 75 89 99 6 28
37 0 25 27 54 79 38 66 47 13
45 8 54 90 16 30 87 85 96 80
37 9 82 15 61 38 12 71 21 85
49 6 93 8 41 45 21 75 90 80
89 20 47 52 37 54 41 75 0 80
73 67 82 4 50 14 81 94 3 79
83 46 8 88 32 2 60 72 33 74
12 71 81 27 45 77 17 28 20 24
89 18 92 58 49 61 17 86 46 7
6 55 87 62 46 47 56 25 28 32
99 68 56 43 42 65 4 88 39 18
7 43 79 19 40 36 88 32 46 91
44 18 93 98 74 56 84 77 95 20
89 26 79 31 98 88 76 17 25 7
78 13 87 65 22 43 24 19 68 16
84 8 47 24 99 94 67 81 10 23
24 77 93 53 4 17 0 97 32 52
32 54 61 34 48 72 52 22 24 14
46 0 4 37 54 81 70 96 64 75
93 35 78 54 76 79 61 75 29 86
6 93 55 57 94 7 83 71 76 22
66 49 57 14 78 21 43 23 41 48
63 81 34 67 5 47 65 31 62 76
95 4 40 62 38 49 26 83 96 7
51 56 68 57 69 48 70 74 52 97
68 98 38 52 2 77 93 4 21 90
83 70 7 44 76 94 0 14 12 17
64 12 46 31 61 88 49 59 0 97
82 10 80 76 87 18 88 64 8 28
79 5 57 58 87 37 49 84 28 20
67 80 56 23 39 37 40 7 92 60
72 7 83 61 2 10 91 33 74 52
60 48 9 34 63 91 11 28 81 55
62 75 46 83 6 67 13 52 71 47
44 66 75 29 79 56 34 20 19 98
80 68 73 46 74 21 65 93 34 51
27 75 59 29 30 47 57 82 26 5
87 3 29 71 6 11 40 46 68 80
50 21 88 59 29 22 75 63 92 70
89 13 65 40 38 74 57 49 77 33
16 56 92 55 24 65 72 21 8 42
54 25 31 92 59 44 51 88 61 34
2 14 32 29 58 37 55 73 80 1
64 67 38 85 23 22 13 6 30 69
88 66 64 86 46 45 76 83 38 53
3 55 22 15 70 35 7 6 83 14
56 35 64 29 17 25 83 10 22 90
76 89 49 18 85 79 22 73 14 37
92 98 9 95 46 83 55 74 96 79
61 79 38 44 6 83 1 60 62 88
1 41 3 96 25 68 56 85 61 83
35 6 13 95 71 89 63 99 2 1
86 36 88 72 33 85 97 58 80 89
4 64 40 14 55 2 86 77 85 9
75 54 47 62 4 36 90 55 84 34
73 3 91 37 30 12 45 95 93 48
0 95 43 47 54 29 94 91 26 52
48 2 3 64 8 34 0 23 43 13
19 92 4 5 35 67 26 25 78 68
40 84 91 61 66 7 78 36 24 35
41 31 13 7 3 70 79 60 81 93
80 49 7 68 77 81 44 30 17 36
37 18 81 11 65 27 46 39 99 47
55 37 58 1 47 84 79 49 85 9
88 51 31 29 99 6 25 36 48 18
34 30 99 21 52 47 43 23 9 20
75 47 18 23 27 30 96 10 32 29
5 84 10 89 52 13 81 93 31 8
9 71 19 79 33 81 98 26 10 16
52 92 87 69 40 56 17 18 89 11
58 79 53 20 44 88 3 75 38 35
0 59 35 40 7 67 79 97 31 63
72 98 58 54 75 47 4 78 64 59
63 85 39 60 49 75 99 65 29 3
21 15 76 8 49 36 3 74 34 17
72 78 26 61 98 21 82 29 67 34
56 7 59 14 4 81 98 51 70 48
72 99 8 21 7 74 60 32 30 68
2 93 11 31 97 48 28 96 0 64
34 71 50 97 14 45 8 93 92 18
98 94 28 49 50 19 35 8 40 64
1 98 72 69 57 83 5 29 92 48
17 79 78 73 24 54 31 37 86 42
96 45 59 7 16 85 39 43 99 41
8 3 38 28 42 18 29 63 85 22
96 35 83 36 65 72 56 33 10 66
84 18 82 63 5 14 51 2 47 73
69 0 98 55 83 28 2 36 33 92
5 2 85 90 84 80 63 24 67 30
87 47 69 86 11 16 30 94 77 45
19 14 23 75 53 72 43 54 77 31
68 71 53 2 49 30 38 36 43 83
11 85 36 10 93 63 7 54 50 57
36 68 25 79 85 66 41 44 78 30
24 91 81 35 6 65 48 70 19 40
43 45 37 35 36 24 5 7 69 25
15 44 20 2 37 78 98 18 96 8
71 41 79 72 48 52 42 34 86 96
30 65 67 66 76 7 85 89 72 91
67 5 69 16 23 44 63 57 68 83
1 19 17 67 8 13 43 0 58 10
20 54 91 43 4 52 88 49 68 30
22 99 64 2 32 73 75 78 60 53
61 96 40 55 66 78 63 29 5 34
88 10 33 20 1 72 68 45 59 97
32 49 69 98 84 16 77 39 87 7
51 87 1 41 81 67 14 26 90 30
9 12 59 13 1 42 96 87 31 93
60 32 33 45 69 15 50 99 66 17
10 80 57 84 68 15 98 31 94 75
35 4 91 58 94 92 8 84 6 96
22 91 7 73 18 35 95 45 62 63
10 29 3 34 89 37 8 45 79 33
14 22 29 72 88 48 11 25 17 99
55 91 15 3 43 32 16 25 4 61
5 29 41 15 68 75 76 72 59 0
45 46 74 62 86 41 23 92 64 89
41 47 83 19 20 93 81 76 54 13
8 35 25 78 29 16 51 32 84 34
43 12 66 93 98 99 0 17 96 92
54 43 97 68 56 81 44 4 82 30
27 79 19 16 39 37 36 5 18 77
79 55 9 52 23 16 91 33 94 38
22 93 31 19 78 39 2 92 12 8
12 8 55 58 30 70 36 53 47 42
29 55 45 75 39 52 12 62 13 76
40 98 63 59 13 97 4 91 44 26
99 5 94 55 16 31 32 42 72 24
36 7 66 37 5 28 26 84 82 16
77 79 66 90 68 15 96 63 41 93
34 86 76 9 63 19 3 1 41 16
25 22 91 30 51 13 52 44 53 57
8 79 71 74 85 36 30 56 68 32
12 16 3 67 55 63 42 47 84 89
80 57 24 60 22 27 87 35 11 56
28 17 44 76 55 53 46 94 31 36
58 52 6 42 90 39 79 57 36 29
7 77 8 71 91 88 57 89 24 50
79 11 36 47 27 10 32 53 44 8
75 47 45 70 10 69 24 6 37 25
39 52 25 82 70 75 12 33 55 64
11 56 87 36 22 9 89 77 99 48
90 81 95 62 80 29 4 48 67 96
13 39 88 92 2 17 33 66 93 94
48 6 32 79 51 5 91 0 55 82
46 68 52 6 74 17 18 98 42 15
73 69 96 76 71 98 17 51 21 50
68 92 53 86 96 15 93 7 94 55
97 21 40 43 98 72 20 25 74 87
28 33 96 11 44 97 99 14 18 71
52 69 47 57 0 93 11 18 56 45
42 78 18 38 92 52 75 89 47 26
87 97 17 49 48 92 56 69 38 62
32 90 40 39 48 24 2 16 20 61
29 79 26 31 28 25 80 89 11 59
23 54 15 48 92 68 95 80 81 85
39 55 24 94 98 77 90 32 89 84
74 67 55 61 54 75 82 0 37 65
4 9 55 88 59 79 17 56 85 1
16 81 46 79 34 96 88 23 75 40
50 14 64 58 72 2 84 53 81 97
80 73 20 62 45 94 44 48 72 22
23 90 95 9 80 38 57 92 51 84
81 2 0 16 53 5 6 45 8 61
94 83 21 19 62 49 77 88 37 59
85 9 47 70 19 31 55 65 90 51
93 6 90 19 40 12 60 11 58 4
68 98 3 80 47 2 72 15 94 60
81 7 18 30 27 61 72 58 75 16
10 32 82 60 89 6 20 79 35 70
15 42 93 25 11 81 64 40 57 55
4 42 54 68 78 47 36 45 0 32
44 1 5 80 29 74 88 37 21 95
77 82 35 50 97 9 37 79 0 11
21 17 28 41 73 70 91 96 1 93
45 90 2 60 19 20 76 74 71 55
90 12 28 15 30 49 91 46 88 79
22 66 37 6 34 47 36 32 46 44
3 19 69 79 49 9 21 25 62 75
96 89 83 70 9 5 20 34 46 58
27 4 83 99 89 65 20 26 42 71
49 68 16 50 22 61 21 51 81 56
72 89 11 17 61 24 99 78 79 73
63 37 35 22 91 30 75 62 53 44
24 68 42 23 43 28 22 4 40 83
30 16 74 92 91 90 73 80 8 43
92 35 27 32 37 67 79 81 87 17
86 18 67 99 64 7 30 4 66 23
11 49 73 29 64 80 28 32 84 71
88 77 2 0 87 93 52 86 79 50
11 82 6 92 39 34 91 85 12 98
19 81 73 33 76 13 57 85 89 16
77 80 88 68 35 54 7 15 30 55
5 57 81 27 91 38 44 68 61 13
15 50 70 48 60 35 14 89 5 62
98 46 99 10 25 45 80 77 86 89
14 70 72 64 68 57 47 40 0 91
47 99 53 76 11 3 44 36 4 89
47 58 2 71 62 78 6 29 96 42
73 19 50 72 67 95 34 57 39 93
70 10 7 17 32 63 97 62 8 56
46 32 50 41 98 51 43 73 24 79
26 91 27 48 90 80 54 65 9 41
41 1 70 24 79 45 69 92 36 5
42 53 26 2 66 52 19 99 16 44
46 35 0 41 79 50 77 1 93 20
36 23 5 39 74 59 94 11 43 31
23 94 11 73 34 7 74 67 21 4
55 35 1 11 58 7 27 10 86 81
56 90 46 58 88 71 72 82 34 43
41 17 25 9 1 93 51 62 0 48
91 84 15 96 38 58 24 81 45 82
18 20 46 57 45 7 39 61 87 59
2 0 14 61 65 15 59 91 36 29
61 2 23 89 34 97 37 4 91 94
39 72 44 24 77 70 84 82 43 74
55 56 94 34 41 44 30 87 23 49
3 9 39 83 45 92 98 69 73 38
45 7 76 78 49 83 60 90 56 32
51 38 45 2 68 69 96 79 26 83
27 87 4 19 94 24 36 63 77 56
13 41 71 55 36 42 47 51 86 54
79 12 37 74 46 68 94 32 58 84
33 78 77 14 30 68 3 72 93 81
5 17 14 26 4 64 89 54 25 53
2 54 8 49 0 59 50 33 36 85
92 4 71 27 84 12 48 1 47 94
15 94 89 84 22 42 62 75 32 98
96 60 59 39 11 30 68 15 37 23
45 80 54 13 84 39 42 76 40 77
87 46 16 94 17 23 15 7 58 13
72 78 28 43 41 57 79 25 85 36
98 82 81 12 79 15 41 94 19 62
50 61 72 43 20 71 57 17 29 2
1 30 47 10 52 18 15 14 24 44
10 83 65 35 91 16 13 49 94 64
73 81 88 18 5 0 66 80 24 83
64 76 84 32 33 63 9 75 56 30
13 66 36 40 81 70 33 75 37 64
12 22 8 57 31 6 58 24 41 28
87 33 60 67 5 12 85 95 75 19
66 54 64 85 25 3 88 0 92 11
32 6 11 99 96 15 97 42 33 29
88 81 1 90 19 69 11 35 67 14
20 53 0 37 29 14 61 75 71 83
18 27 86 68 36 15 70 85 43 1
44 34 70 66 42 37 35 86 14 97
68 98 31 2 88 73 47 71 26 62
47 66 40 11 58 54 99 0 91 69
94 1 30 11 26 18 59 70 84 58
95 21 98 13 27 83 81 78 50 43
50 23 39 2 31 38 84 87 30 0
70 67 58 82 23 74 92 13 14 54
61 68 64 19 86 87 53 90 56 20
8 31 67 75 80 55 87 2 41 59
14 69 71 68 86 66 45 56 52 60
97 34 23 98 5 30 49 18 54 31
77 68 33 0 26 82 12 95 5 18
61 77 30 72 42 24 95 62 23 50
29 53 59 24 16 93 60 0 35 50
80 15 18 77 8 84 48 45 97 73
84 32 80 21 90 19 9 51 53 12
21 24 11 71 45 48 35 16 39 65
53 58 87 69 54 80 37 26 74 76
7 72 62 37 13 56 43 5 71 0
81 3 52 70 50 89 34 76 93 48
51 34 13 23 99 81 85 21 74 25
88 81 35 67 5 79 13 82 84 24
18 7 94 99 3 49 74 80 70 10
10 39 69 13 66 83 89 97 96 20
32 13 56 33 61 8 6 78 31 25
92 12 80 25 46 98 30 76 64 53
75 82 28 71 56 22 69 87 21 98
75 14 93 87 30 2 70 55 51 72
25 61 28 42 15 87 62 20 64 33
41 88 38 7 72 49 18 14 73 0
13 96 7 93 10 28 1 44 90 43
22 42 57 28 23 1 46 10 41 39
24 91 60 0 36 78 5 12 40 90
60 62 88 19 74 65 89 27 92 0
89 33 43 45 4 23 13 11 7 26
18 19 84 86 94 2 80 39 11 26
69 20 86 39 33 94 28 40 72 23
12 45 84 13 59 71 56 89 6 50
96 95 37 81 48 78 69 8 41 15
7 36 49 39 86 34 44 61 51 77
68 55 51 34 79 6 14 18 58 52
97 36 64 4 41 2 77 14 73 68
19 0 83 67 70 37 91 34 55 77
69 18 44 41 30 13 86 49 47 37
41 66 25 46 49 35 14 4 24 95
95 14 81 44 12 41 51 40 67 72
23 27 73 5 48 86 91 57 19 92
14 63 32 64 34 89 88 8 16 52
33 40 57 74 65 31 69 37 98 4
87 3 9 22 27 18 44 98 97 46
87 62 2 16 84 88 15 22 52 49
55 64 80 30 1 78 39 82 25 69
29 76 68 92 52 72 38 16 4 50
96 25 3 64 77 17 20 9 21 29
45 31 53 91 40 42 16 50 75 46
65 63 28 38 45 50 72 49 18 80
92 20 29 18 52 91 16 79 7 90
4 78 56 8 49 12 53 0 86 58
99 78 77 43 96 94 57 2 14 26
80 6 88 52 77 10 60 44 5 89
13 75 41 7 66 14 48 37 9 50
51 11 90 74 73 76 69 67 33 87
74 86 18 36 22 8 23 70 9 35
60 76 93 59 12 43 89 9 3 73
94 49 32 46 52 20 72 34 22 76
49 38 97 24 85 17 64 58 65 96
90 2 14 3 84 73 1 71 79 49
41 1 63 49 35 14 90 34 29 26
79 78 22 94 73 20 5 6 99 72
33 59 87 5 9 57 86 74 50 23
71 0 76 12 26 18 33 96 97 37
43 20 5 74 58 10 26 8 72 84
7 56 66 21 18 31 20 94 26 16
70 17 92 58 81 19 44 71 36 7
87 90 88 28 84 18 89 2 82 42
82 41 76 96 78 74 5 26 68 91
92 96 47 61 65 10 85 58 3 18
83 30 87 34 12 35 74 8 41 69
8 43 5 35 6 10 34 29 19 89
37 69 42 4 96 66 77 93 95 1
26 66 90 45 43 92 6 11 17 80
71 98 84 36 45 31 46 29 74 16
21 52 40 62 22 0 93 20 25 42
39 76 6 21 79 22 32 73 69 47
36 95 43 4 59 21 99 75 5 23
72 3 16 15 0 49 43 39 22 91
40 11 81 7 48 65 68 29 19 47
48 72 79 74 35 60 38 49 81 16
38 29 84 39 63 6 10 54 92 97
11 49 73 50 13 0 45 14 42 1
13 43 41 60 79 38 36 99 26 0
19 68 85 57 2 23 24 55 48 87
5 2 87 93 7 56 35 1 97 72
38 65 45 35 48 29 86 37 64 47
17 79 83 43 92 54 13 85 41 75
69 3 9 28 52 16 59 58 92 46
52 83 54 98 28 85 56 89 97 7
73 71 55 33 81 66 23 16 82 1
11 35 40 37 99 47 15 62 12 69
67 85 86 17 48 19 63 90 27 11
4 9 32 14 57 34 28 41 95 18
44 57 58 84 75 12 56 1 87 3
14 55 83 71 99 9 79 54 90 6
54 50 40 60 38 16 55 56 98 88
95 61 13 38 36 78 76 74 66 64
41 68 34 82 28 23 25 18 27 95
91 43 94 63 78 17 28 16 46 27
44 91 78 12 68 18 49 19 26 17
71 45 7 21 62 72 33 80 65 15
85 6 64 22 35 12 68 95 34 40
54 46 30 86 17 34 33 36 92 3
38 27 16 91 70 84 88 85 79 87
2 82 15 84 60 6 87 89 88 32
22 39 82 83 99 42 28 92 86 75
86 33 40 93 3 79 71 98 76 78
23 88 58 79 35 89 26 82 41 22
50 52 30 74 41 55 22 44 88 47
52 35 22 58 83 32 60 84 37 16
28 51 91 10 13 54 79 60 63 72
25 37 18 59 26 77 1 90 98 3
79 69 92 28 77 91 64 35 99 65
9 40 16 5 7 91 74 75 55 37
60 79 47 29 69 9 75 52 18 65
1 94 37 60 56 79 8 46 87 77
96 63 34 75 99 13 50 90 33 46
45 52 70 29 94 7 74 38 43 84
14 9 95 76 97 81 87 12 62 55
6 3 63 14 68 53 60 81 5 46
86 52 57 70 72 56 41 44 35 11
15 67 55 60 12 87 19 41 39 74
64 8 13 37 42 86 35 88 85 17
55 34 1 3 33 97 7 77 80 25
78 47 48 51 23 85 83 99 1 97
17 2 18 83 38 72 86 97 56 66
4 56 36 19 2 47 92 48 5 87
68 8 70 32 85 2 33 4 38 19
48 99 88 82 30 4 95 64 0 80
57 33 39 97 94 37 25 19 29 69
90 0 73 8 55 43 70 15 92 52
32 95 38 59 23 37 65 86 1 5
13 85 3 95 8 38 86 69 75 19
60 8 3 93 89 9 15 85 31 13
78 90 15 79 64 50 98 87 58 37
71 11 38 31 58 29 82 63 61 67
28 82 49 69 96 94 87 27 14 15
32 42 40 54 35 92 96 41 99 19
41 8 51 5 26 47 15 82 86 28
0 89 54 94 71 15 58 78 82 23
81 49 78 84 59 63 45 6 19 1
33 41 55 7 73 63 66 38 56 92
23 58 10 28 40 53 72 60 43 88
34 76 37 57 42 8 82 79 93 91
55 50 73 37 64 88 3 79 56 41
14 81 45 29 30 26 99 66 2 77
45 30 98 61 73 59 40 51 81 34
8 71 69 94 17 29 2 88 89 23
57 12 3 66 31 93 81 48 77 41
68 27 99 7 97 78 94 91 93 10
16 78 0 46 10 74 58 11 19 32
60 33 42 79 14 45 61 57 95 52
12 77 29 64 96 80 58 68 84 61
44 48 86 39 62 45 83 87 16 1
32 91 5 30 23 24 44 7 18 37
6 5 91 82 77 27 86 72 80 2
77 88 41 13 42 94 16 98 27 4
30 83 65 39 69 97 48 59 3 91
10 61 66 72 1 19 53 7 54 91
87 19 25 82 6 2 89 44 29 55
10 58 95 44 23 6 37 93 39 17
80 19 62 82 13 48 1 39 41 91
78 85 98 93 96 62 95 84 60 43
5 17 85 78 71 79 53 77 91 10
45 1 17 29 74 4 10 58 14 34
36 56 43 18 59 75 14 91 98 32
30 14 48 64 33 98 32 94 62 81
61 65 64 67 19 79 45 25 56 75
88 44 4 84 13 18 74 79 25 85
33 85 94 36 46 54 76 73 22 68
83 12 40 60 82 4 59 93 8 38
91 49 4 77 51 50 78 79 12 57
72 46 65 25 61 29 87 96 13 9
5 93 54 67 53 11 46 61 77 44
55 35 89 62 15 32 72 13 34 19
28 63 17 56 93 11 32 78 68 91
86 67 27 59 43 40 7 81 57 29
48 59 77 53 74 19 78 10 22 8
44 78 14 16 21 52 19 88 70 61
18 14 5 41 63 77 44 78 34 65
63 46 8 42 1 65 44 86 70 93
78 75 62 45 56 23 26 14 84 32
64 29 19 65 6 49 23 99 18 67
13 33 58 77 38 16 25 96 46 27
71 46 39 6 97 12 92 2 83 75
19 36 5 18 42 39 38 89 56 64
36 28 9 55 77 20 21 82 98 30
7 20 1 87 67 54 18 21 4 75
93 18 14 0 32 66 94 81 7 58
69 57 73 67 84 89 72 1 4 47
77 83 86 2 72 10 73 93 81 26
81 52 78 91 12 50 75 37 79 80
42 41 9 59 84 27 17 19 34 56
53 71 40 5 74 56 46 92 70 97
66 61 42 6 58 59 33 28 87 99
35 86 3 39 18 2 30 87 62 38
18 32 28 45 3 52 63 2 53 88
95 39 56 35 15 44 59 28 78 32
23 70 26 96 32 46 93 2 47 33
8 77 37 53 1 40 16 49 26 91
57 9 40 48 24 39 42 69 27 77
57 52 62 14 60 53 80 0 22 86
16 92 3 0 82 52 1 44 76 41
48 87 56 4 91 93 11 45 76 73
20 1 82 59 13 33 57 36 28 10
27 61 58 81 22 42 47 73 17 50
9 45 86 92 62 27 55 83 33 78
71 75 2 33 37 68 32 41 54 42
87 13 81 47 7 1 96 10 3 16
75 18 30 66 55 70 60 98 42 44
72 76 56 11 89 74 92 22 37 83
80 62 38 32 56 94 31 25 71 50
75 59 92 83 57 38 49 79 17 19
97 77 64 49 85 14 16 87 83 90
92 42 13 8 2 76 40 47 73 65
7 21 8 80 51 94 53 74 39 77
16 82 77 81 17 4 9 92 66 36
82 12 60 26 97 94 96 88 80 4
50 5 20 31 71 13 7 61 93 1
28 71 20 58 70 62 22 56 17 53
71 96 70 45 18 8 6 54 80 20
9 64 98 17 46 14 33 63 20 75
62 41 8 56 17 24 91 12 15 64
57 52 99 83 31 20 36 80 84 69
42 5 93 96 18 4 52 70 24 17
44 51 29 18 67 27 81 61 4 16
43 95 6 78 87 39 30 63 89 62
45 53 6 90 58 20 64 77 98 61
9 92 77 85 94 56 5 27 52 78
19 46 73 68 58 14 51 91 9 27
29 69 93 89 9 14 32 59 46 66
72 82 22 19 74 42 5 45 39 97
62 19 25 39 2 64 61 36 28 4
28 73 69 36 21 46 44 24 23 31
34 30 91 5 0 62 54 96 60 51
13 93 57 79 88 86 20 38 9 43
23 80 0 56 67 87 82 70 1 42
77 55 82 9 17 67 84 85 62 71
6 4 89 81 94 10 41 49 38 14
94 95 9 86 55 0 92 61 34 79
65 83 7 15 98 80 50 72 77 51
57 80 45 30 87 68 69 31 82 0
31 64 1 15 92 98 60 46 80 79
71 53 8 32 90 69 6 98 73 13
80 75 16 15 52 30 23 38 81 28
76 46 12 7 98 77 57 35 81 68
87 75 69 82 21 51 17 43 31 78
51 5 62 34 48 91 57 97 40 78
13 42 83 26 22 47 45 96 78 50
62 7 5 38 59 1 10 15 98 40
47 16 23 40 14 68 22 34 60 92
30 70 74 72 22 36 26 4 47 93
69 71 81 8 36 57 15 43 22 39
73 23 70 29 10 64 57 54 6 55
56 74 27 98 4 29 10 80 81 63
16 8 97 78 62 10 68 56 21 53
35 79 72 23 94 84 66 17 43 83
94 17 98 84 66 31 55 64 95 23
23 65 14 60 41 15 89 59 51 57
54 28 25 70 78 60 99 72 79 31
43 3 97 46 76 58 22 35 70 29
18 90 52 61 62 22 31 75 56 29
73 22 35 45 3 93 56 37 75 30
8 2 23 63 52 62 90 83 51 98
66 93 34 37 6 91 33 44 2 88
90 49 14 33 36 56 6 77 64 0
86 23 90 16 73 85 50 45 49 3
71 38 6 41 27 4 18 19 45 70
70 59 52 46 25 77 67 90 45 89
24 3 33 68 50 62 99 47 13 35
96 6 78 56 94 71 79 92 57 33
20 31 22 76 38 33 18 29 49 34
1 30 53 21 98 82 56 49 15 86
36 60 25 55 34 48 72 88 31 16
39 77 94 56 17 84 29 62 27 42
73 3 0 61 70 19 52 72 42 53
47 54 9 7 49 75 53 86 91 8
97 68 14 51 9 30 28 79 71 83
18 53 58 7 93 45 43 26 46 64
23 2 68 54 22 28 12 45 13 21
47 77 37 74 23 78 50 46 52 60
64 9 30 74 98 54 87 26 18 22
11 82 20 23 27 35 6 3 87 16
2 6 36 38 12 93 82 49 21 34
47 24 30 86 49 42 87 91 60 10
84 23 34 99 38 47 46 3 42 51
95 20 82 59 91 7 45 12 48 50
42 95 94 14 41 11 68 92 87 29
11 14 7 82 92 84 66 27 95 78
75 80 49 74 43 26 32 70 94 67
82 67 5 78 7 9 73 89 20 72
86 67 48 65 13 40 89 50 64 43
72 67 97 16 9 99 89 32 78 2
19 94 58 67 46 13 84 12 95 65
43 48 16 98 28 8 1 45 26 18
96 56 48 84 0 81 7 86 21 66
17 47 30 89 18 35 83 45 81 50
10 64 3 85 80 24 15 68 17 97
46 44 71 59 0 12 1 15 9 7
66 32 64 1 0 33 10 72 84 15
82 76 94 68 99 23 39 26 30 71
23 62 34 43 42 51 36 17 85 18
72 4 94 70 55 19 77 39 1 16
22 13 26 62 66 35 41 89 19 95
17 84 95 5 97 31 36 50 74 43
52 69 71 11 91 24 74 68 59 77
27 95 10 47 34 80 35 15 68 2
72 3 92 82 61 55 10 62 78 80
47 27 72 54 13 45 32 4 38 89
22 98 43 32 78 85 30 99 54 62
60 50 59 36 24 87 43 62 23 53
34 73 53 46 3 57 65 2 72 61
15 87 4 66 61 86 3 84 45 44
75 0 68 92 46 26 62 15 85 51
50 57 32 78 19 77 18 97 47 20
62 50 30 57 9 11 67 39 27 88
39 80 25 88 43 30 13 37 61 62
43 14 97 75 66 1 20 70 79 59
25 3 63 6 21 89 94 71 40 57
16 90 75 77 91 36 34 39 13 32
5 24 95 51 9 3 66 98 31 93
39 3 83 31 50 65 99 1 7 71
2 39 24 98 31 73 13 51 86 5
48 7 85 87 29 96 13 1 94 3
98 45 72 60 49 91 51 34 55 32
96 6 97 11 62 72 24 98 0 27
10 79 90 46 57 81 85 5 95 96
67 9 87 66 68 42 97 82 85 30
65 81 2 29 78 32 82 80 45 97
83 74 34 29 50 51 5 88 39 8
39 85 1 30 84 80 11 27 4 18
59 14 71 37 95 90 68 4 56 8
46 99 2 5 83 43 21 82 32 71
79 30 44 81 18 26 42 47 32 35
44 78 74 49 59 87 79 32 46 95
47 70 22 85 33 19 14 15 5 56
75 26 83 16 86 55 80 58 52 64
73 43 51 31 25 61 59 67 54 87
43 91 64 99 92 16 80 1 85 93
54 28 78 68 61 45 74 44 85 0
14 88 68 70 95 15 49 52 2 90
24 19 28 72 88 25 50 29 21 3
89 20 50 59 43 49 51 58 10 32
21 60 58 18 77 10 46 68 87 52
99 47 31 62 54 96 66 0 97 34
47 98 46 95 30 24 85 26 84 12
75 29 45 36 30 71 15 73 35 69
83 72 8 31 65 33 2 47 11 19
34 96 41 57 55 78 71 77 49 23
41 43 16 27 25 80 48 32 12 69
8 14 61 7 82 80 13 22 74 5
3 60 91 35 82 75 0 25 48 51
40 31 51 84 72 43 50 14 22 87
91 17 25 90 45 27 67 7 60 89
72 65 52 49 51 42 47 74 59 38
82 47 51 86 2 34 29 14 46 81
91 93 76 17 98 90 96 7 82 12
86 8 37 44 11 4 16 61 85 33
15 9 78 48 42 94 25 71 91 2
2 62 81 97 11 69 14 36 73 21
3 4 90 66 10 7 65 61 92 25
79 36 57 40 82 42 70 93 16 9
81 67 27 2 57 23 74 5 61 73
96 3 46 79 76 75 40 85 60 70
81 22 39 35 3 55 76 96 16 24
67 41 86 59 49 8 68 45 96 44
40 27 64 10 30 70 62 22 74 49
72 70 69 79 60 13 33 8 89 17
14 68 4 35 70 32 47 24 12 86
70 48 30 58 75 83 71 23 56 11
46 48 40 72 79 6 32 36 22 2
83 98 59 18 71 33 68 12 6 69
28 22 5 53 98 71 32 0 42 48
78 5 7 30 74 95 88 76 40 12
80 87 51 29 58 0 84 71 17 38
49 19 68 98 95 32 26 82 30 8
40 11 23 47 22 18 64 46 28 86
66 29 62 25 63 19 65 50 32 23
67 17 29 75 94 53 89 34 96 33
10 22 97 18 55 0 33 51 91 89
1 12 99 21 42 69 16 86 54 55
91 93 17 85 73 39 29 43 86 20
45 72 64 89 26 12 87 84 5 22
21 27 44 55 34 5 14 81 80 72
0 9 42 53 29 62 94 5 20 26
63 60 28 69 89 47 18 24 26 44
48 67 23 26 21 59 45 25 50 91
46 93 51 57 81 19 25 24 8 43
51 96 38 99 2 11 45 46 68 74
44 9 27 91 36 55 48 81 96 15
32 26 45 43 33 88 97 90 22 0
91 35 49 88 28 96 19 80 14 2
0 80 34 86 2 47 5 31 28 19
69 6 32 36 82 64 58 97 38 81
8464 6241 3249 6561 2025 2401 5929 4761 1296 2304
1521 6241 1764 784 1 8281 625 4624 2116 1849
4624 0 2116 7921 1024 5329 3249 225 8836 4900
7744 3721 2025 441 289 225 9604 1024 1936 2809
9801 2601 6241 7225 9604 0 1521 4356 4489 4900
441 2809 2116 7744 1600 4096 3364 4900 8100 3481
8836 64 961 1296 2304 676 2500 1089 2401 324
121 5625 5929 3721 9 4 1681 361 49 576
36 5476 7225 1225 1764 1849 5184 576 121 225
7569 1444 4489 729 9409 3721 400 625 676 5776
1 3481 6241 9604 4225 9025 7569 6561 1936 1156
16 4096 1936 1681 4 256 676 2916 1089 9409
100 2025 8464 5776 625 2401 1444 5329 5476 4225
6241 8464 2116 6724 9409 25 1936 7225 5041 1849
7921 1369 2025 9801 4624 0 841 529 1849 784
3721 2809 16 64 5476 6889 2401 36 2500 7921
7921 9025 100 16 361 5184 1521 2116 1681 3025
9 25 144 64 7056 4761 3025 961 2304 16
1600 7396 5476 400 144 6400 729 4761 1764 784
1849 9801 9025 9 484 5329 3600 6561 2500 36
5184 289 9801 4225 2025 81 4900 729 3481 144
1849 6724 36 2209 3844 6241 2601 0 784 4489
7744 36 2209 1521 100 49 4624 64 7056 144
2209 7744 4489 3844 2116 361 3249 4225 5776 6400
529 361 3481 9216 0 6561 144 9801 5625 4761
4489 4225 25 5476 3364 6561 144 729 4096 5625
324 3249 441 9025 9801 2500 625 2209 361 8281
256 5776 4624 25 1089 3481 36 6561 900 3844
9025 4225 484 1089 4761 676 2601 7569 3844 3969
1156 2601 9604 2209 3721 9409 8281 196 484 1089
2916 784 625 4900 2304 4225 5625 4 9604 576
1156 8281 5329 9025 6889 289 4489 9216 5184 2025
625 441 841 7225 576 2704 6241 8464 6724 9
100 625 676 3025 5329 2704 36 1369 3969 1521
1089 3721 9604 4356 5041 8100 3025 5625 5929 784
7744 961 484 8464 8281 64 5041 576 4900 2116
81 6561 1849 5041 1681 9025 1444 5184 9216 729
7744 6561 6241 9216 256 100 4900 4 169 1600
1369 3481 4900 3844 7396 3969 8100 2025 324 8649
9409 8649 676 1936 5476 1444 400 1849 5041 3364
1156 1681 49 0 3844 4761 4 2704 4356 1225
2500 1089 256 196 4225 9801 7569 5929 9409 5776
2500 2916 3844 8464 625 256 3721 8836 841 900
2809 8281 529 900 1849 1089 256 6561 8100 1225
484 3969 4761 6241 4900 1369 1521 3249 7569 0
529 576 7744 1024 196 3481 3025 6561 289 8281
25 784 256 5184 676 3600 1521 3249 576 6889
2704 256 1 4624 2025 9604 324 5184 2116 841
81 2500 9216 484 7396 5625 1 961 2025 4624
7744 2500 196 6400 2809 9216 5776 3969 256 1681
1369 5929 9409 8649 4096 1024 6561 1296 7225 2209
1936 8464 6084 1849 1089 196 2916 6724 8836 4096
441 49 9409 2209 5776 2304 1156 841 3249 1225
3721 400 1600 49 841 4489 529 289 1521 6241
1024 2401 4356 9 5329 6084 2601 4900 9801 7396
6724 1600 121 16 2704 5184 6889 9409 196 1849
2025 3025 8100 9025 8464 169 3844 2500 7396 8836
6241 7744 1089 4096 1369 1521 2601 7225 3025 9801
3025 81 64 1600 2209 576 7921 8281 3249 400
5476 2304 81 100 0 2401 676 6241 8464 7921
961 7921 2025 2916 324 225 6561 3136 2704 4761
6084 5329 225 2209 2916 1764 676 361 0 6561
9 5041 5625 361 3600 5329 9604 36 3844 4900
225 441 7744 2500 3969 8100 2304 4356 9025 5929
1521 144 2209 8649 7056 784 225 5184 324 961
1849 5329 3481 5929 484 3364 1444 1681 6724 7396
8464 576 2116 0 7744 400 81 784 2809 8281
324 1156 4096 225 6889 5476 361 6400 1369 289
5776 3136 6889 841 3721 8281 256 81 4096 676
2704 576 3249 6889 5184 36 7921 1024 2809 225
7396 9025 6889 400 324 3721 484 6241 2209 3025
25 225 1296 324 6400 1369 16 5776 441 256
8649 1296 2025 1681 676 361 7744 1936 9801 7921
961 784 576 5329 64 6724 3721 3249 7744 8281
1369 2500 784 64 1600 1296 400 8649 5329 5929
4225 5929 324 484 3721 1521 169 4624 2401 9216
3481 1024 5184 6889 7744 3600 7396 1089 2809 529
1296 3025 4900 7056 5329 36 4489 9604 121 841
144 6084 64 1024 625 9409 4225 6241 5184 9801
196 676 9409 2304 576 5929 36 729 7225 6084
5184 81 5041 6241 9409 5776 3364 961 1089 16
8281 5184 484 1521 5625 1600 6889 361 3481 9409
1156 5625 4356 289 2116 4 9216 196 8281 4624
4489 3249 2704 625 1 1521 25 5625 1225 7056
3364 2209 4900 1024 4761 1936 576 1764 8281 121
900 49 7921 100 2025 1681 4761 225 7056 64
1936 2304 961 5476 6241 1225 6889 289 5184 144
7056 2401 1369 9 3969 36 2601 25 6561 1225
6724 8464 2916 324 2209 3721 625 225 8649 121
4900 5625 1089 3364 7225 7056 5929 1296 3136 1849
625 9409 6241 441 1024 4356 529 7569 2601 3364
9 5041 4 36 9604 9216 64 6889 841 169
576 2704 1 784 121 4489 1156 441 676 1369
1600 1681 3249 2500 9604 16 729 900 4 784
3481 3249 121 4761 4624 2025 1296 6889 1521 6084
1369 196 784 2809 3481 5041 16 5329 9801 1225
676 256 9216 4356 576 9604 841 4 144 1521
7921 4225 1849 3600 7225 7056 4624 3481 1089 256
36 9216 729 7056 8649 6241 1 81 784 1600
8649 1156 529 7569 4489 5041 1369 3025 676 3844
3600 81 4489 5184 4624 441 7744 100 4761 1
3249 729 7921 1849 1444 7396 4096 484 6724 529
3025 1296 9801 1369 7056 1849 2916 1521 3249 25
1521 4 7744 5776 4624 9216 2601 2916 784 1
1849 169 1 6084 5929 81 2304 3969 5329 7225
784 1521 100 81 3249 2500 7056 576 6561 3025
4 2809 3136 49 1764 5041 64 529 5929 4489
5184 7921 1681 196 6084 576 4900 1225 324 6889
1849 361 256 81 8649 1936 6400 7569 25 4624
2601 6400 6889 3025 4900 0 3600 961 1521 4096
8281 5476 7921 1296 1936 5776 4356 3136 7056 7569
729 2401 361 5476 5929 784 6241 3721 7744 256
9801 676 1024 121 7396 5041 400 0 1225 3364
2916 3600 4489 7056 3481 676 484 900 1296 9604
676 4624 1296 4900 1936 576 9025 5476 2500 256
1936 2209 4624 1764 4761 289 7921 5929 5476 6561
3969 1024 2809 6400 2916 4096 4225 441 1089 1296
529 1089 441 2809 4489 1521 7225 36 4096 0
2916 5625 7056 4 324 8836 841 289 1444 9
256 1849 2116 3364 1936 9409 9604 7569 1444 4489
4 1521 841 3969 8464 2116 196 1024 5776 2304
3025 3969 9409 144 4624 361 961 1156 1936 841
441 16 25 7396 9216 2916 4356 4489 3249 576
5929 81 6084 9025 121 1369 1600 8836 7396 484
81 5776 900 4096 361 7569 841 6400 1764 2401
9 7744 1296 81 2704 9409 8464 36 361 3249
7056 7921 3364 361 2500 2809 2025 3249 3969 4356
7225 1681 100 9604 9 9409 1156 6241 2500 2916
36 3025 1600 6724 1444 6561 529 625 3136 6889
7396 529 7744 2601 1156 5776 9025 1 121 169
4624 0 8836 225 8464 3249 121 64 6084 9216
64 5041 3136 4356 8100 676 2916 2401 1225 1521
1296 289 400 6241 1156 324 5041 2116 6084 900
484 2809 4225 36 8836 5776 900 3600 6241 1521
2209 3136 3481 2916 7569 9216 2025 4900 7225 676
1444 1521 1225 5929 9216 9025 729 7744 121 8100
9604 225 529 4489 400 484 1369 5329 1849 1
5929 100 1156 1444 25 289 49 1521 841 3844
484 3969 7921 1600 6084 64 5929 1024 3249 4900
2809 9216 784 2304 4900 8100 2025 3481 2916 1296
2916 0 4624 6084 4 169 6400 324 576 289
225 1 7225 5476 5625 1089 1849 1156 4489 3249
7056 5329 5476 2304 144 529 121 8281 1024 9216
2025 289 2209 3136 1369 169 121 2916 25 0
3844 6084 1024 6724 196 484 7569 8836 5625 961
4489 3025 676 8100 2209 484 9025 7396 25 6084
100 3364 225 3844 5329 3600 121 9 1521 9216
2704 6400 5625 49 1764 625 25 5476 4225 5329
2304 169 3969 2704 6561 6084 2601 5041 25 81
8100 841 7744 5184 6561 2401 1296 4 484 4761
3721 1089 9 4225 4624 2025 529 8100 7921 1681
6084 900 3364 1681 1089 961 2025 81 7225 1156
1089 6889 2304 576 9801 2025 784 4356 0 1369
4356 5929 256 196 289 3025 3249 9 8836 4624
8100 441 225 4761 196 784 1024 7225 529 6084
1089 2704 2500 6561 3481 5476 6241 25 2601 196
361 625 7921 4489 5041 1369 5776 4624 3844 400
7569 9801 49 529 225 2304 9216 256 1936 8100
16 2401 196 7225 2209 9801 256 5929 1600 729
7396 1369 256 2500 121 2116 400 36 3364 1764
9025 8464 3364 3136 1521 5929 6561 784 81 2116
1369 144 5776 1849 3249 6400 529 1444 4356 4489
2304 9604 0 4 225 5041 6400 3025 5476 729
1156 6724 8100 1936 5041 3364 3025 1225 1764 64
1225 225 9 5476 49 64 4761 576 2704 2500
7225 196 9 0 2116 1089 1600 6400 625 81
1600 6889 196 36 4761 8649 9 3364 6400 1681
4096 5184 256 5776 9 6084 2025 576 4761 9409
5776 6889 3481 3364 5329 3600 2116 5625 1600 289
1369 144 49 64 3481 2116 16 900 6241 25
7225 64 4225 324 8649 2304 4096 2809 0 8836
4489 4761 2401 3600 100 9604 289 3969 1849 64
3481 441 4489 6241 784 2500 5929 25 4225 5776
8464 1 7569 2304 9801 4 3721 2601 841 1764
7396 16 1024 1849 4356 5776 121 784 8649 5041
5329 256 9 3249 144 1681 3844 2025 2401 6084
3025 4356 2601 4225 3364 5776 1521 1296 7921 5929
4900 4489 7396 961 6724 1849 1296 5329 64 169
169 81 784 324 2704 4 6724 961 1764 64
2916 196 7921 8100 3136 1936 1369 529 64 7569
6241 841 3844 1764 6724 625 784 7569 2025 7396
5929 3025 3969 2025 1225 7056 324 4900 2916 4225
1296 5329 8464 1 2809 16 2601 4356 36 3025
7396 8281 4761 196 25 9604 484 5476 4900 400
4225 196 8649 5625 1681 1849 529 9801 144 2401
900 2025 576 6400 2401 4489 3481 8464 7225 5041
5929 9 1089 121 4900 2116 3600 900 3364 100
324 7225 1681 2025 2116 1089 100 8464 1444 2500
49 3481 9025 6561 784 4356 2500 1089 5476 9216
3721 4624 100 256 8836 81 3136 2500 4489 1600
900 6241 2304 576 8649 7921 6724 8281 5184 9216
1296 169 1156 2916 3249 2304 3364 1089 6561 196
5929 1764 2209 9216 36 400 81 8100 225 7744
9409 1764 4 7225 6241 2704 8464 3844 7056 5929
529 1156 81 6889 4489 8464 1024 2401 1 9025
361 169 144 4900 1024 25 2916 841 6724 529
1444 121 64 1681 676 8100 576 2209 961 324
4900 0 7225 121 256 6561 8649 6724 729 8836
2116 144 5041 196 6400 121 1681 7396 4225 9604
2209 324 7225 400 121 5329 3844 1849 4624 7056
121 2704 8100 1936 5776 6400 9 5041 8836 7056
9 8649 2209 1225 16 7744 3600 4900 6241 8281
8836 1089 6241 5476 225 2304 576 144 2601 324
8464 4761 1681 784 256 7056 36 3844 5184 961
8100 49 9801 64 3364 5329 3600 576 3721 7921
3136 64 2704 1369 7569 2601 6084 1521 1225 1764
3969 400 1521 225 625 6724 121 3721 81 2209
9 7921 7056 2209 9409 7396 289 3481 5929 1764
2116 1521 9604 324 64 36 7225 6241 3025 289
9025 1849 2116 5476 5625 8464 8281 0 7921 4225
3600 2025 196 5329 2500 5929 9216 1444 324 2704
729 324 784 289 8836 2116 2916 7056 1024 9409
5625 5329 3481 2025 8281 8649 1225 1600 3721 4624
256 9801 9025 1024 2704 4489 1156 2116 3600 8281
3844 0 3481 256 2304 3136 8464 5625 1225 3025
3844 3721 9409 6561 1936 8100 7744 7921 1681 484
2704 729 6889 400 289 4356 4 7921 4900 529
7569 1156 400 8836 225 81 169 5476 36 1521
6400 4096 1521 16 144 2401 729 6241 4356 2025
6084 5625 1521 1089 529 2500 144 729 121 7744
9 5625 3481 1681 16 484 7396 2916 2601 9604
3481 3844 7396 1 2809 7921 324 49 144 529
81 900 2025 1369 9025 361 3481 0 1089 841
841 484 400 2704 16 5184 1521 7569 4489 4900
1936 3481 1444 9025 5929 2116 3136 4900 8281 100
1849 1296 2601 5476 1 256 2916 4356 4489 9216
225 4624 169 144 324 784 3969 8281 8100 5041
1681 25 400 8281 9604 8836 256 16 121 484
6241 324 676 1521 5329 3721 441 2809 6400 5184
841 9025 9801 4225 900 225 3025 1849 7225 3481
1764 4761 1600 1156 2601 676 256 144 361 25
5776 625 1369 49 3136 400 1681 841 8649 1764
3969 400 9409 2304 5041 9604 1225 100 576 2500
100 4624 4489 81 6561 8836 2916 841 484 289
784 1521 81 3481 2601 1089 2025 2401 6241 4
784 400 81 1764 6724 8649 5776 5625 1156 169
196 25 441 5625 784 81 7744 5776 8464 1024
2304 81 25 784 1764 1296 289 7744 6724 729
144 8464 529 64 9801 5041 3844 5476 25 1225
4225 289 1225 6561 7396 25 6724 625 6241 8281
7225 6889 3721 5041 1 4489 2401 2601 3364 1225
8649 961 6084 7056 7921 784 4761 5041 324 7569
2809 5776 7056 3600 6084 289 1369 16 1156 5041
2916 5329 1296 2401 3600 961 729 324 7921 8281
9409 3364 169 6561 8464 3600 529 676 4624 1296
64 8464 8100 16 961 576 289 3481 9025 1681
7225 36 3721 144 1024 5929 9604 2601 729 8100
9801 100 4900 81 7569 9604 8649 8836 2025 3721
625 1024 6400 1936 3721 4356 3481 1156 9604 3249
8100 6889 7921 6084 1369 784 7744 9409 1444 3364
529 2025 6889 8281 4761 1849 6724 3025 1681 2809
225 289 484 2401 841 2916 3136 2116 64 169
1600 900 1089 8649 4225 64 3600 2809 3249 289
2601 4356 1764 6724 961 784 5476 8649 3844 4096
8464 4761 4356 81 841 576 4624 1521 144 441
2704 441 1089 3025 225 6084 7569 8464 5929 1369
5929 9409 9801 625 225 6561 1936 64 2025 1600
2601 9025 2209 5184 676 0 2809 400 1936 3600
4096 1296 5041 81 1 7744 6889 441 5184 289
1156 9025 7744 4624 729 225 5776 2809 36 1024
144 576 2704 8464 6400 289 6084 9409 625 9
9409 196 25 2304 9604 676 1936 1225 2500 256
5041 1089 5476 144 36 2209 441 3249 5329 4356
256 1444 81 625 2500 2209 7225 1521 6084 3600
8649 5776 2025 6561 1296 8281 6724 9409 4096 1600
961 7569 729 1 100 2500 6561 1936 4900 361
1089 1849 144 1156 16 2209 2704 6561 9 7921
5041 400 676 81 3969 3844 1681 361 36 324
81 625 225 441 4 7396 1444 289 49 3969
3136 6561 1849 1936 5476 3721 4761 900 5329 225
144 5776 2401 2025 2304 1089 841 3025 576 4
961 289 2704 8281 625 2304 7569 8464 5625 841
5776 9409 0 3136 1764 484 1225 2704 3600 6561
144 441 8649 8836 49 7744 4624 529 8281 2401
1600 324 196 1024 8836 7569 1849 5329 900 6241
784 1369 1600 1681 5625 841 361 9409 121 1024
2209 1369 36 4 7921 9 4096 6889 9409 1444
5929 6889 225 361 676 9604 7921 2601 4225 256
400 4624 7744 0 3721 9025 5329 5184 5476 144
225 900 7396 961 625 6724 3969 2025 1681 2704
3025 121 529 2025 1600 7225 3844 6241 576 5041
361 3969 1369 7744 9216 5329 8100 2025 4096 1849
1600 5929 3249 784 49 324 2601 3969 4356 7056
3844 7056 4 6400 225 36 1849 2704 5476 676
144 2704 1849 324 1225 121 1764 9216 9 2025
64 1681 3364 8100 7056 4624 4356 9604 576 2916
9801 8464 49 1936 5329 6889 7744 3721 1 900
1296 1 3025 289 576 121 3844 2500 7396 2401
7569 4900 441 2916 7225 6724 2116 361 3844 961
2601 9216 64 4096 484 841 7921 81 1156 576
9604 961 1444 9216 5184 8281 2809 2116 196 7396
3600 144 5625 9 2809 4096 5329 1156 6724 4900
289 6561 361 2500 3600 16 5329 3969 1936 841
5329 4489 121 9604 9 2916 1156 4900 5625 576
1849 3969 6400 9216 2500 2116 9 7396 6084 121
8100 4356 196 4761 121 2401 7569 1849 225 5184
7396 4900 3721 8100 900 1444 784 400 6084 2809
3364 2401 484 6400 9216 2601 841 7569 1225 64
8836 289 4900 361 625 225 7225 6889 1156 5476
144 4225 2304 1444 441 6724 2025 5329 1681 169
4489 8281 6724 3481 4096 5929 1849 2116 676 1369
6724 1024 0 1936 1296 441 676 9216 576 1
2209 9216 961 4761 1089 3600 361 4 1024 7921
2809 6724 2209 0 6561 4489 1444 8649 9025 2704
36 1369 2209 6561 8464 3249 7569 5625 4356 361
5476 5625 8464 121 1024 2116 1849 3844 1225 7225
3249 529 5041 6724 3481 2500 3136 25 1089 5929
2304 3844 729 4489 7225 4624 3364 3249 1600 1089
529 5776 3025 9 7921 16 1764 2209 8836 6241
0 784 1444 6724 4761 1089 2209 1225 4900 3600
1849 1600 441 5041 144 225 1444 4 2116 1764
2209 2916 361 4489 676 7744 7225 324 100 196
4 9409 6561 2809 7225 64 529 196 4489 1156
225 5041 6241 4624 900 1156 100 6084 9 400
8281 7396 5625 961 289 0 3721 4761 1369 625
3025 1296 2916 4225 7921 900 1764 196 121 7569
5329 4900 49 7396 25 5041 900 4 6561 7225
5329 6724 1600 81 2500 0 5929 324 625 8836
36 1296 5929 1 289 2025 625 4 676 1936
1 4624 1849 2025 7744 8649 81 3969 576 324
1936 3600 784 6889 2401 4761 8649 1089 1849 0
2116 1369 2809 3025 576 361 1225 2601 3481 7744
9604 900 1225 5476 3969 4356 1849 4 6889 9216
25 9409 1936 0 441 5625 9025 676 196 4225
2809 4 2304 2025 1225 6724 64 289 5476 9
2209 2025 5625 6561 6084 4761 1369 4 9801 441
5184 1156 4761 16 2916 4489 36 2209 6084 7744
3969 4356 9216 3025 6084 2025 400 121 3600 324
256 1024 2209 8649 7569 9409 6561 5329 5184 1296
5476 1681 1024 8100 5041 196 4489 4761 4356 0
1936 81 3025 9025 484 784 7921 1444 2401 3249
2704 1681 729 4225 5184 3600 4 2809 784 3025
289 9409 5625 7396 1521 324 7225 9604 49 7921
441 7225 5625 289 4761 7569 1024 3481 1089 81
16 400 169 900 841 1225 5476 625 7744 25
625 484 2809 1156 3600 121 1764 7921 576 529
729 1156 2116 1024 7921 324 2916 64 2304 4489
729 0 1849 9025 7569 5929 2704 5625 4356 2304
3844 4225 961 9409 1521 2809 1089 2116 1849 6084
9801 3481 1 4356 1936 9025 900 3600 1089 144
3844 225 2601 1225 8649 1521 8100 1156 7225 900
7921 3249 8836 5184 6084 2500 576 5041 3600 2809
5929 4624 3025 6889 36 3136 8836 2500 16 3481
2304 6561 64 3249 9025 3600 4624 4761 5329 16
6724 9216 0 6084 8836 841 4356 784 36 1764
2401 3249 1600 7921 8836 3969 169 729 961 100
6561 576 2401 3025 2116 3481 8836 49 2601 1849
9 441 6724 7569 3721 0 961 3025 5929 9025
6561 1681 6400 9216 256 2809 1 5625 3844 49
729 8464 225 361 3969 1444 3364 3481 7056 2704
576 5329 625 6561 2401 144 7396 1521 5776 169
9216 1024 6561 3136 5041 5625 7921 9801 36 784
1369 0 625 729 2916 6241 1444 4356 2209 169
2025 64 2916 8100 256 900 7569 7225 9216 6400
1369 81 6724 225 3721 1444 144 5041 441 7225
2401 36 8649 64 1681 2025 441 5625 8100 6400
7921 400 2209 2704 1369 2916 1681 5625 0 6400
5329 4489 6724 16 2500 196 6561 8836 9 6241
6889 2116 64 7744 1024 4 3600 5184 1089 5476
144 5041 6561 729 2025 5929 289 784 400 576
7921 324 8464 3364 2401 3721 289 7396 2116 49
36 3025 7569 3844 2116 2209 3136 625 784 1024
9801 4624 3136 1849 1764 4225 16 7744 1521 324
49 1849 6241 361 1600 1296 7744 1024 2116 8281
1936 324 8649 9604 5476 3136 7056 5929 9025 400
7921 676 6241 961 9604 7744 5776 289 625 49
6084 169 7569 4225 484 1849 576 361 4624 256
7056 64 2209 576 9801 8836 4489 6561 100 529
576 5929 8649 2809 16 289 0 9409 1024 2704
1024 2916 3721 1156 2304 5184 2704 484 576 196
2116 0 16 1369 2916 6561 4900 9216 4096 5625
8649 1225 6084 2916 5776 6241 3721 5625 841 7396
36 8649 3025 3249 8836 49 6889 5041 5776 484
4356 2401 3249 196 6084 441 1849 529 1681 2304
3969 6561 1156 4489 25 2209 4225 961 3844 5776
9025 16 1600 3844 1444 2401 676 6889 9216 49
2601 3136 4624 3249 4761 2304 4900 5476 2704 9409
4624 9604 1444 2704 4 5929 8649 16 441 8100
6889 4900 49 1936 5776 8836 0 196 144 289
4096 144 2116 961 3721 7744 2401 3481 0 9409
6724 100 6400 5776 7569 324 7744 4096 64 784
6241 25 3249 3364 7569 1369 2401 7056 784 400
4489 6400 3136 529 1521 1369 1600 49 8464 3600
5184 49 6889 3721 4 100 8281 1089 5476 2704
3600 2304 81 1156 3969 8281 121 784 6561 3025
3844 5625 2116 6889 36 4489 169 2704 5041 2209
1936 4356 5625 841 6241 3136 1156 400 361 9604
6400 4624 5329 2116 5476 441 4225 8649 1156 2601
729 5625 3481 841 900 2209 3249 6724 676 25
7569 9 841 5041 36 121 1600 2116 4624 6400
2500 441 7744 3481 841 484 5625 3969 8464 4900
7921 169 4225 1600 1444 5476 3249 2401 5929 1089
256 3136 8464 3025 576 4225 5184 441 64 1764
2916 625 961 8464 3481 1936 2601 7744 3721 1156
4 196 1024 841 3364 1369 3025 5329 6400 1
4096 4489 1444 7225 529 484 169 36 900 4761
7744 4356 4096 7396 2116 2025 5776 6889 1444 2809
9 3025 484 225 4900 1225 49 36 6889 196
3136 1225 4096 841 289 625 6889 100 484 8100
5776 7921 2401 324 7225 6241 484 5329 196 1369
8464 9604 81 9025 2116 6889 3025 5476 9216 6241
3721 6241 1444 1936 36 6889 1 3600 3844 7744
1 1681 9 9216 625 4624 3136 7225 3721 6889
1225 36 169 9025 5041 7921 3969 9801 4 1
7396 1296 7744 5184 1089 7225 9409 3364 6400 7921
16 4096 1600 196 3025 4 7396 5929 7225 81
5625 2916 2209 3844 16 1296 8100 3025 7056 1156
5329 9 8281 1369 900 144 2025 9025 8649 2304
0 9025 1849 2209 2916 841 8836 8281 676 2704
2304 4 9 4096 64 1156 0 529 1849 169
361 8464 16 25 1225 4489 676 625 6084 4624
1600 7056 8281 3721 4356 49 6084 1296 576 1225
1681 961 169 49 9 4900 6241 3600 6561 8649
6400 2401 49 4624 5929 6561 1936 900 289 1296
1369 324 6561 121 4225 729 2116 1521 9801 2209
3025 1369 3364 1 2209 7056 6241 2401 7225 81
7744 2601 961 841 9801 36 625 1296 2304 324
1156 900 9801 441 2704 2209 1849 529 81 400
5625 2209 324 529 729 900 9216 100 1024 841
25 7056 100 7921 2704 169 6561 8649 961 64
81 5041 361 6241 1089 6561 9604 676 100 256
2704 8464 7569 4761 1600 3136 289 324 7921 121
3364 6241 2809 400 1936 7744 9 5625 1444 1225
0 3481 1225 1600 49 4489 6241 9409 961 3969
5184 9604 3364 2916 5625 2209 16 6084 4096 3481
3969 7225 1521 3600 2401 5625 9801 4225 841 9
441 225 5776 64 2401 1296 9 5476 1156 289
5184 6084 676 3721 9604 441 6724 841 4489 1156
3136 49 3481 196 16 6561 9604 2601 4900 2304
5184 9801 64 441 49 5476 3600 1024 900 4624
4 8649 121 961 9409 2304 784 9216 0 4096
1156 5041 2500 9409 196 2025 64 8649 8464 324
9604 8836 784 2401 2500 361 1225 64 1600 4096
1 9604 5184 4761 3249 6889 25 841 8464 2304
289 6241 6084 5329 576 2916 961 1369 7396 1764
9216 2025 3481 49 256 7225 1521 1849 9801 1681
64 9 1444 784 1764 324 841 3969 7225 484
9216 1225 6889 1296 4225 5184 3136 1089 100 4356
7056 324 6724 3969 25 196 2601 4 2209 5329
4761 0 9604 3025 6889 784 4 1296 1089 8464
25 4 7225 8100 7056 6400 3969 576 4489 900
7569 2209 4761 7396 121 256 900 8836 5929 2025
361 196 529 5625 2809 5184 1849 2916 5929 961
4624 5041 2809 4 2401 900 1444 1296 1849 6889
121 7225 1296 100 8649 3969 49 2916 2500 3249
1296 4624 625 6241 7225 4356 1681 1936 6084 900
576 8281 6561 1225 36 4225 2304 4900 361 1600
1849 2025 1369 1225 1296 576 25 49 4761 625
225 1936 400 4 1369 6084 9604 324 9216 64
5041 1681 6241 5184 2304 2704 1764 1156 7396 9216
900 4225 4489 4356 5776 49 7225 7921 5184 8281
4489 25 4761 256 529 1936 3969 3249 4624 6889
1 361 289 4489 64 169 1849 0 3364 100
400 2916 8281 1849 16 2704 7744 2401 4624 900
484 9801 4096 4 1024 5329 5625 6084 3600 2809
3721 9216 1600 3025 4356 6084 3969 841 25 1156
7744 100 1089 400 1 5184 4624 2025 3481 9409
1024 2401 4761 9604 7056 256 5929 1521 7569 49
2601 7569 1 1681 6561 4489 196 676 8100 900
81 144 3481 169 1 1764 9216 7569 961 8649
3600 1024 1089 2025 4761 225 2500 9801 4356 289
100 6400 3249 7056 4624 225 9604 961 8836 5625
1225 16 8281 3364 8836 8464 64 7056 36 9216
484 8281 49 5329 324 1225 9025 2025 3844 3969
100 841 9 1156 7921 1369 64 2025 6241 1089
196 484 841 5184 7744 2304 121 625 289 9801
3025 8281 225 9 1849 1024 256 625 16 3721
25 841 1681 225 4624 5625 5776 5184 3481 0
2025 2116 5476 3844 7396 1681 529 8464 4096 7921
1681 2209 6889 361 400 8649 6561 5776 2916 169
64 1225 625 6084 841 256 2601 1024 7056 1156
1849 144 4356 8649 9604 9801 0 289 9216 8464
2916 1849 9409 4624 3136 6561 1936 16 6724 900
729 6241 361 256 1521 1369 1296 25 324 5929
6241 3025 81 2704 529 256 8281 1089 8836 1444
484 8649 961 361 6084 1521 4 8464 144 64
144 64 3025 3364 900 4900 1296 2809 2209 1764
841 3025 2025 5625 1521 2704 144 3844 169 5776
1600 9604 3969 3481 169 9409 16 8281 1936 676
9801 25 8836 3025 256 961 1024 1764 5184 576
1296 49 4356 1369 25 784 676 7056 6724 256
5929 6241 4356 8100 4624 225 9216 3969 1681 8649
1156 7396 5776 81 3969 361 9 1 1681 256
625 484 8281 900 2601 169 2704 1936 2809 3249
64 6241 5041 5476 7225 1296 900 3136 4624 1024
144 256 9 4489 3025 3969 1764 2209 7056 7921
6400 3249 576 3600 484 729 7569 1225 121 3136
784 289 1936 5776 3025 2809 2116 8836 961 1296
3364 2704 36 1764 8100 1521 6241 3249 1296 841
49 5929 64 5041 8281 7744 3249 7921 576 2500
6241 121 1296 2209 729 100 1024 2809 1936 64
5625 2209 2025 4900 100 4761 576 36 1369 625
1521 2704 625 6724 4900 5625 144 1089 3025 4096
121 3136 7569 1296 484 81 7921 5929 9801 2304
8100 6561 9025 3844 6400 841 16 2304 4489 9216
169 1521 7744 8464 4 289 1089 4356 8649 8836
2304 36 1024 6241 2601 25 8281 0 3025 6724
2116 4624 2704 36 5476 289 324 9604 1764 225
5329 4761 9216 5776 5041 9604 289 2601 441 2500
4624 8464 2809 7396 9216 225 8649 49 8836 3025
9409 441 1600 1849 9604 5184 400 625 5476 7569
784 1089 9216 121 1936 9409 9801 196 324 5041
2704 4761 2209 3249 0 8649 121 324 3136 2025
1764 6084 324 1444 8464 2704 5625 7921 2209 676
7569 9409 289 2401 2304 8464 3136 4761 1444 3844
1024 8100 1600 1521 2304 576 4 256 400 3721
841 6241 676 961 784 625 6400 7921 121 3481
529 2916 225 2304 8464 4624 9025 6400 6561 7225
1521 3025 576 8836 9604 5929 8100 1024 7921 7056
5476 4489 3025 3721 2916 5625 6724 0 1369 4225
16 81 3025 7744 3481 6241 289 3136 7225 1
256 6561 2116 6241 1156 9216 7744 529 5625 1600
2500 196 4096 3364 5184 4 7056 2809 6561 9409
6400 5329 400 3844 2025 8836 1936 2304 5184 484
529 8100 9025 81 6400 1444 3249 8464 2601 7056
6561 4 0 256 2809 25 36 2025 64 3721
8836 6889 441 361 3844 2401 5929 7744 1369 3481
7225 81 2209 4900 361 961 3025 4225 8100 2601
8649 36 8100 361 1600 144 3600 121 3364 16
4624 9604 9 6400 2209 4 5184 225 8836 3600
6561 49 324 900 729 3721 5184 3364 5625 256
100 1024 6724 3600 7921 36 400 6241 1225 4900
225 1764 8649 625 121 6561 4096 1600 3249 3025
16 1764 2916 4624 6084 2209 1296 2025 0 1024
1936 1 25 6400 841 5476 7744 1369 441 9025
5929 6724 1225 2500 9409 81 1369 6241 0 121
441 289 784 1681 5329 4900 8281 9216 1 8649
2025 8100 4 3600 361 400 5776 5476 5041 3025
8100 144 784 225 900 2401 8281 2116 7744 6241
484 4356 1369 36 1156 2209 1296 1024 2116 1936
9 361 4761 6241 2401 81 441 625 3844 5625
9216 7921 6889 4900 81 25 400 1156 2116 3364
729 16 6889 9801 7921 4225 400 676 1764 5041
2401 4624 256 2500 484 3721 441 2601 6561 3136
5184 7921 121 289 3721 576 9801 6084 6241 5329
3969 1369 1225 484 8281 900 5625 3844 2809 1936
576 4624 1764 529 1849 784 484 16 1600 6889
900 256 5476 8464 8281 8100 5329 6400 64 1849
8464 1225 729 1024 1369 4489 6241 6561 7569 289
7396 324 4489 9801 4096 49 900 16 4356 529
121 2401 5329 841 4096 6400 784 1024 7056 5041
7744 5929 4 0 7569 8649 2704 7396 6241 2500
121 6724 36 8464 1521 1156 8281 7225 144 9604
361 6561 5329 1089 5776 169 3249 7225 7921 256
5929 6400 7744 4624 1225 2916 49 225 900 3025
25 3249 6561 729 8281 1444 1936 4624 3721 169
225 2500 4900 2304 3600 1225 196 7921 25 3844
9604 2116 9801 100 625 2025 6400 5929 7396 7921
196 4900 5184 4096 4624 3249 2209 1600 0 8281
2209 9801 2809 5776 121 9 1936 1296 16 7921
2209 3364 4 5041 3844 6084 36 841 9216 1764
5329 361 2500 5184 4489 9025 1156 3249 1521 8649
4900 100 49 289 1024 3969 9409 3844 64 3136
2116 1024 2500 1681 9604 2601 1849 5329 576 6241
676 8281 729 2304 8100 6400 2916 4225 81 1681
1681 1 4900 576 6241 2025 4761 8464 1296 25
1764 2809 676 4 4356 2704 361 9801 256 1936
2116 1225 0 1681 6241 2500 5929 1 8649 400
1296 529 25 1521 5476 3481 8836 121 1849 961
529 8836 121 5329 1156 49 5476 4489 441 16
3025 1225 1 121 3364 49 729 100 7396 6561
3136 8100 2116 3364 7744 5041 5184 6724 1156 1849
1681 289 625 81 1 8649 2601 3844 0 2304
8281 7056 225 9216 1444 3364 576 6561 2025 6724
324 400 2116 3249 2025 49 1521 3721 7569 3481
4 0 196 3721 4225 225 3481 8281 1296 841
3721 4 529 7921 1156 9409 1369 16 8281 8836
1521 5184 1936 576 5929 4900 7056 6724 1849 5476
3025 3136 8836 1156 1681 1936 900 7569 529 2401
9 81 1521 6889 2025 8464 9604 4761 5329 1444
2025 49 5776 6084 2401 6889 3600 8100 3136 1024
2601 1444 2025 4 4624 4761 9216 6241 676 6889
729 7569 16 361 8836 576 1296 3969 5929 3136
169 1681 5041 3025 1296 1764 2209 2601 7396 2916
6241 144 1369 5476 2116 4624 8836 1024 3364 7056
1089 6084 5929 196 900 4624 9 5184 8649 6561
25 289 196 676 16 4096 7921 2916 625 2809
4 2916 64 2401 0 3481 2500 1089 1296 7225
8464 16 5041 729 7056 144 2304 1 2209 8836
225 8836 7921 7056 484 1764 3844 5625 1024 9604
9216 3600 3481 1521 121 900 4624 225 1369 529
2025 6400 2916 169 7056 1521 1764 5776 1600 5929
7569 2116 256 8836 289 529 225 49 3364 169
5184 6084 784 1849 1681 3249 6241 625 7225 1296
9604 6724 6561 144 6241 225 1681 8836 361 3844
2500 3721 5184 1849 400 5041 3249 289 841 4
1 900 2209 100 2704 324 225 196 576 1936
100 6889 4225 1225 8281 256 169 2401 8836 4096
5329 6561 7744 324 25 0 4356 6400 576 6889
4096 5776 7056 1024 1089 3969 81 5625 3136 900
169 4356 1296 1600 6561 4900 1089 5625 1369 4096
144 484 64 3249 961 36 3364 576 1681 784
7569 1089 3600 4489 25 144 7225 9025 5625 361
4356 2916 4096 7225 625 9 7744 0 8464 121
1024 36 121 9801 9216 225 9409 1764 1089 841
7744 6561 1 8100 361 4761 121 1225 4489 196
400 2809 0 1369 841 196 3721 5625 5041 6889
324 729 7396 4624 1296 225 4900 7225 1849 1
1936 1156 4900 4356 1764 1369 1225 7396 196 9409
4624 9604 961 4 7744 5329 2209 5041 676 3844
2209 4356 1600 121 3364 2916 9801 0 8281 4761
8836 1 900 121 676 324 3481 4900 7056 3364
9025 441 9604 169 729 6889 6561 6084 2500 1849
2500 529 1521 4 961 1444 7056 7569 900 0
4900 4489 3364 6724 529 5476 8464 169 196 2916
3721 4624 4096 361 7396 7569 2809 8100 3136 400
64 961 4489 5625 6400 3025 7569 4 1681 3481
196 4761 5041 4624 7396 4356 2025 3136 2704 3600
9409 1156 529 9604 25 900 2401 324 2916 961
5929 4624 1089 0 676 6724 144 9025 25 324
3721 5929 900 5184 1764 576 9025 3844 529 2500
841 2809 3481 576 256 8649 3600 0 1225 2500
6400 225 324 5929 64 7056 2304 2025 9409 5329
7056 1024 6400 441 8100 361 81 2601 2809 144
441 576 121 5041 2025 2304 1225 256 1521 4225
2809 3364 7569 4761 2916 6400 1369 676 5476 5776
49 5184 3844 1369 169 3136 1849 25 5041 0
6561 9 2704 4900 2500 7921 1156 5776 8649 2304
2601 1156 169 529 9801 6561 7225 441 5476 625
7744 6561 1225 4489 25 6241 169 6724 7056 576
324 49 8836 9801 9 2401 5476 6400 4900 100
100 1521 4761 169 4356 6889 7921 9409 9216 400
1024 169 3136 1089 3721 64 36 6084 961 625
8464 144 6400 625 2116 9604 900 5776 4096 2809
5625 6724 784 5041 3136 484 4761 7569 441 9604
5625 196 8649 7569 900 4 4900 3025 2601 5184
625 3721 784 1764 225 7569 3844 400 4096 1089
1681 7744 1444 49 5184 2401 324 196 5329 0
169 9216 49 8649 100 784 1 1936 8100 1849
484 1764 3249 784 529 1 2116 100 1681 1521
576 8281 3600 0 1296 6084 25 144 1600 8100
3600 3844 7744 361 5476 4225 7921 729 8464 0
7921 1089 1849 2025 16 529 169 121 49 676
324 361 7056 7396 8836 4 6400 1521 121 676
4761 400 7396 1521 1089 8836 784 1600 5184 529
144 2025 7056 169 3481 5041 3136 7921 36 2500
9216 9025 1369 6561 2304 6084 4761 64 1681 225
49 1296 2401 1521 7396 1156 1936 3721 2601 5929
4624 3025 2601 1156 6241 36 196 324 3364 2704
9409 1296 4096 16 1681 4 5929 196 5329 4624
361 0 6889 4489 4900 1369 8281 1156 3025 5929
4761 324 1936 1681 900 169 7396 2401 2209 1369
1681 4356 625 2116 2401 1225 196 16 576 9025
9025 196 6561 1936 144 1681 2601 1600 4489 5184
529 729 5329 25 2304 7396 8281 3249 361 8464
196 3969 1024 4096 1156 7921 7744 64 256 2704
1089 1600 3249 5476 4225 961 4761 1369 9604 16
7569 9 81 484 729 324 1936 9604 9409 2116
7569 3844 4 256 7056 7744 225 484 2704 2401
3025 4096 6400 900 1 6084 1521 6724 625 4761
841 5776 4624 8464 2704 5184 1444 256 16 2500
9216 625 9 4096 5929 289 400 81 441 841
2025 961 2809 8281 1600 1764 256 2500 5625 2116
4225 3969 784 1444 2025 2500 5184 2401 324 6400
8464 400 841 324 2704 8281 256 6241 49 8100
16 6084 3136 64 2401 144 2809 0 7396 3364
9801 6084 5929 1849 9216 8836 3249 4 196 676
6400 36 7744 2704 5929 100 3600 1936 25 7921
169 5625 1681 49 4356 196 2304 1369 81 2500
2601 121 8100 5476 5329 5776 4761 4489 1089 7569
5476 7396 324 1296 484 64 529 4900 81 1225
3600 5776 8649 3481 144 1849 7921 81 9 5329
8836 2401 1024 2116 2704 400 5184 1156 484 5776
2401 1444 9409 576 7225 289 4096 3364 4225 9216
8100 4 196 9 7056 5329 1 5041 6241 2401
1681 1 3969 2401 1225 196 8100 1156 841 676
6241 6084 484 8836 5329 400 25 36 9801 5184
1089 3481 7569 25 81 3249 7396 5476 2500 529
5041 0 5776 144 676 324 1089 9216 9409 1369
1849 400 25 5476 3364 100 676 64 5184 7056
49 3136 4356 441 324 961 400 8836 676 256
4900 289 8464 3364 6561 361 1936 5041 1296 49
7569 8100 7744 784 7056 324 7921 4 6724 1764
6724 1681 5776 9216 6084 5476 25 676 4624 8281
8464 9216 2209 3721 4225 100 7225 3364 9 324
6889 900 7569 1156 144 1225 5476 64 1681 4761
64 1849 25 1225 36 100 1156 841 361 7921
1369 4761 1764 16 9216 4356 5929 8649 9025 1
676 4356 8100 2025 1849 8464 36 121 289 6400
5041 9604 7056 1296 2025 961 2116 841 5476 256
441 2704 1600 3844 484 0 8649 400 625 1764
1521 5776 36 441 6241 484 1024 5329 4761 2209
1296 9025 1849 16 3481 441 9801 5625 25 529
5184 9 256 225 0 2401 1849 1521 484 8281
1600 121 6561 49 2304 4225 4624 841 361 2209
2304 5184 6241 5476 1225 3600 1444 2401 6561 256
1444 841 7056 1521 3969 36 100 2916 8464 9409
121 2401 5329 2500 169 0 2025 196 1764 1
169 1849 1681 3600 6241 1444 1296 9801 676 0
361 4624 7225 3249 4 529 576 3025 2304 7569
25 4 7569 8649 49 3136 1225 1 9409 5184
1444 4225 2025 1225 2304 841 7396 1369 4096 2209
289 6241 6889 1849 8464 2916 169 7225 1681 5625
4761 9 81 784 2704 256 3481 3364 8464 2116
2704 6889 2916 9604 784 7225 3136 7921 9409 49
5329 5041 3025 1089 6561 4356 529 256 6724 1
121 1225 1600 1369 9801 2209 225 3844 144 4761
4489 7225 7396 289 2304 361 3969 8100 729 121
16 81 1024 196 3249 1156 784 1681 9025 324
1936 3249 3364 7056 5625 144 3136 1 7569 9
196 3025 6889 5041 9801 81 6241 2916 8100 36
2916 2500 1600 3600 1444 256 3025 3136 9604 7744
9025 3721 169 1444 1296 6084 5776 5476 4356 4096
1681 4624 1156 6724 784 529 625 324 729 9025
8281 1849 8836 3969 6084 289 784 256 2116 729
1936 8281 6084 144 4624 324 2401 361 676 289
5041 2025 49 441 3844 5184 1089 6400 4225 225
7225 36 4096 484 1225 144 4624 9025 1156 1600
2916 2116 900 7396 289 1156 1089 1296 8464 9
1444 729 256 8281 4900 7056 7744 7225 6241 7569
4 6724 225 7056 3600 36 7569 7921 7744 1024
484 1521 6724 6889 9801 1764 784 8464 7396 5625
7396 1089 1600 8649 9 6241 5041 9604 5776 6084
529 7744 3364 6241 1225 7921 676 6724 1681 484
2500 2704 900 5476 1681 3025 484 1936 7744 2209
2704 1225 484 3364 6889 1024 3600 7056 1369 256
784 2601 8281 100 169 2916 6241 3600 3969 5184
625 1369 324 3481 676 5929 1 8100 9604 9
6241 4761 8464 784 5929 8281 4096 1225 9801 4225
81 1600 256 25 49 8281 5476 5625 3025 1369
3600 6241 2209 841 4761 81 5625 2704 324 4225
1 8836 1369 3600 3136 6241 64 2116 7569 5929
9216 3969 1156 5625 9801 169 2500 8100 1089 2116
2025 2704 4900 841 8836 49 5476 1444 1849 7056
196 81 9025 5776 9409 6561 7569 144 3844 3025
36 9 3969 196 4624 2809 3600 6561 25 2116
7396 2704 3249 4900 5184 3136 1681 1936 1225 121
225 4489 3025 3600 144 7569 361 1681 1521 5476
4096 64 169 1369 1764 7396 1225 7744 7225 289
3025 1156 1 9 1089 9409 49 5929 6400 625
6084 2209 2304 2601 529 7225 6889 9801 1 9409
289 4 324 6889 1444 5184 7396 9409 3136 4356
16 3136 1296 361 4 2209 8464 2304 25 7569
4624 64 4900 1024 7225 4 1089 16 1444 361
2304 9801 7744 6724 900 16 9025 4096 0 6400
3249 1089 1521 9409 8836 1369 625 361 841 4761
8100 0 5329 64 3025 1849 4900 225 8464 2704
1024 9025 1444 3481 529 1369 4225 7396 1 25
169 7225 9 9025 64 1444 7396 4761 5625 361
3600 64 9 8649 7921 81 225 7225 961 169
6084 8100 225 6241 4096 2500 9604 7569 3364 1369
5041 121 1444 961 3364 841 6724 3969 3721 4489
784 6724 2401 4761 9216 8836 7569 729 196 225
1024 1764 1600 2916 1225 8464 9216 1681 9801 361
1681 64 2601 25 676 2209 225 6724 7396 784
0 7921 2916 8836 5041 225 3364 6084 6724 529
6561 2401 6084 7056 3481 3969 2025 36 361 1
1089 1681 3025 49 5329 3969 4356 1444 3136 8464
529 3364 100 784 1600 2809 5184 3600 1849 7744
1156 5776 1369 3249 1764 64 6724 6241 8649 8281
3025 2500 5329 1369 4096 7744 9 6241 3136 1681
196 6561 2025 841 900 676 9801 4356 4 5929
2025 900 9604 3721 5329 3481 1600 2601 6561 1156
64 5041 4761 8836 289 841 4 7744 7921 529
3249 144 9 4356 961 8649 6561 2304 5929 1681
4624 729 9801 49 9409 6084 8836 8281 8649 100
256 6084 0 2116 100 5476 3364 121 361 1024
3600 1089 1764 6241 196 2025 3721 3249 9025 2704
144 5929 841 4096 9216 6400 3364 4624 7056 3721
1936 2304 7396 1521 3844 2025 6889 7569 256 1
1024 8281 25 900 529 576 1936 49 324 1369
36 25 8281 6724 5929 729 7396 5184 6400 4
5929 7744 1681 169 1764 8836 256 9604 729 16
900 6889 4225 1521 4761 9409 2304 3481 9 8281
100 3721 4356 5184 1 361 2809 49 2916 8281
7569 361 625 6724 36 4 7921 1936 841 3025
100 3364 9025 1936 529 36 1369 8649 1521 289
6400 361 3844 6724 169 2304 1 1521 1681 8281
6084 7225 9604 8649 9216 3844 9025 7056 3600 1849
25 289 7225 6084 5041 6241 2809 5929 8281 100
2025 1 289 841 5476 16 100 3364 196 1156
1296 3136 1849 324 3481 5625 196 8281 9604 1024
900 196 2304 4096 1089 9604 1024 8836 3844 6561
3721 4225 4096 4489 361 6241 2025 625 3136 5625
7744 1936 16 7056 169 324 5476 6241 625 7225
1089 7225 8836 1296 2116 2916 5776 5329 484 4624
6889 144 1600 3600 6724 16 3481 8649 64 1444
8281 2401 16 5929 2601 2500 6084 6241 144 3249
5184 2116 4225 625 3721 841 7569 9216 169 81
25 8649 2916 4489 2809 121 2116 3721 5929 1936
3025 1225 7921 3844 225 1024 5184 169 1156 361
784 3969 289 3136 8649 121 1024 6084 4624 8281
7396 4489 729 3481 1849 1600 49 6561 3249 841
2304 3481 5929 2809 5476 361 6084 100 484 64
1936 6084 196 256 441 2704 361 7744 4900 3721
324 196 25 1681 3969 5929 1936 6084 1156 4225
3969 2116 64 1764 1 4225 1936 7396 4900 8649
6084 5625 3844 2025 3136 529 676 196 7056 1024
4096 841 361 4225 36 2401 529 9801 324 4489
169 1089 3364 5929 1444 256 625 9216 2116 729
5041 2116 1521 36 9409 144 8464 4 6889 5625
361 1296 25 324 1764 1521 1444 7921 3136 4096
1296 784 81 3025 5929 400 441 6724 9604 900
49 400 1 7569 4489 2916 324 441 16 5625
8649 324 196 0 1024 4356 8836 6561 49 3364
4761 3249 5329 4489 7056 7921 5184 1 16 2209
5929 6889 7396 4 5184 100 5329 8649 6561 676
6561 2704 6084 8281 144 2500 5625 1369 6241 6400
1764 1681 81 3481 7056 729 289 361 1156 3136
2809 5041 1600 25 5476 3136 2116 8464 4900 9409
4356 3721 1764 36 3364 3481 1089 784 7569 9801
1225 7396 9 1521 324 4 900 7569 3844 1444
324 1024 784 2025 9 2704 3969 4 2809 7744
9025 1521 3136 1225 225 1936 3481 784 6084 1024
529 4900 676 9216 1024 2116 8649 4 2209 1089
64 5929 1369 2809 1 1600 256 2401 676 8281
3249 81 1600 2304 576 1521 1764 4761 729 5929
3249 2704 3844 196 3600 2809 6400 0 484 7396
256 8464 9 0 6724 2704 1 1936 5776 1681
2304 7569 3136 16 8281 8649 121 2025 5776 5329
400 1 6724 3481 169 1089 3249 1296 784 100
729 3721 3364 6561 484 1764 2209 5329 289 2500
81 2025 7396 8464 3844 729 3025 6889 1089 6084
5041 5625 4 1089 1369 4624 1024 1681 2916 1764
7569 169 6561 2209 49 1 9216 100 9 256
5625 324 900 4356 3025 4900 3600 9604 1764 1936
5184 5776 3136 121 7921 5476 8464 484 1369 6889
6400 3844 1444 1024 3136 8836 961 625 5041 2500
5625 3481 8464 6889 3249 1444 2401 6241 289 361
9409 5929 4096 2401 7225 196 256 7569 6889 8100
8464 1764 169 64 4 5776 1600 2209 5329 4225
49 441 64 6400 2601 8836 2809 5476 1521 5929
256 6724 5929 6561 289 16 81 8464 4356 1296
6724 144 3600 676 9409 8836 9216 7744 6400 16
2500 25 400 961 5041 169 49 3721 8649 1
784 5041 400 3364 4900 3844 484 3136 289 2809
5041 9216 4900 2025 324 64 36 2916 6400 400
81 4096 9604 289 2116 196 1089 3969 400 5625
3844 1681 64 3136 289 576 8281 144 225 4096
3249 2704 9801 6889 961 400 1296 6400 7056 4761
1764 25 8649 9216 324 16 2704 4900 576 289
1936 2601 841 324 4489 729 6561 3721 16 256
1849 9025 36 6084 7569 1521 900 3969 7921 3844
2025 2809 36 8100 3364 400 4096 5929 9604 3721
81 8464 5929 7225 8836 3136 25 729 2704 6084
361 2116 5329 4624 3364 196 2601 8281 81 729
841 4761 8649 7921 81 196 1024 3481 2116 4356
5184 6724 484 361 5476 1764 25 2025 1521 9409
3844 361 625 1521 4 4096 3721 1296 784 16
784 5329 4761 1296 441 2116 1936 576 529 961
1156 900 8281 25 0 3844 2916 9216 3600 2601
169 8649 3249 6241 7744 7396 400 1444 81 1849
529 6400 0 3136 4489 7569 6724 4900 1 1764
5929 3025 6724 81 289 4489 7056 7225 3844 5041
36 16 7921 6561 8836 100 1681 2401 1444 196
8836 9025 81 7396 3025 0 8464 3721 1156 6241
4225 6889 49 225 9604 6400 2500 5184 5929 2601
3249 6400 2025 900 7569 4624 4761 961 6724 0
961 4096 1 225 8464 9604 3600 2116 6400 6241
5041 2809 64 1024 8100 4761 36 9604 5329 169
6400 5625 256 225 2704 900 529 1444 6561 784
5776 2116 144 49 9604 5929 3249 1225 6561 4624
7569 5625 4761 6724 441 2601 289 1849 961 6084
2601 25 3844 1156 2304 8281 3249 9409 1600 6084
169 1764 6889 676 484 2209 2025 9216 6084 2500
3844 49 25 1444 3481 1 100 225 9604 1600
2209 256 529 1600 196 4624 484 1156 3600 8464
900 4900 5476 5184 484 1296 676 16 2209 8649
4761 5041 6561 64 1296 3249 225 1849 484 1521
5329 529 4900 841 100 4096 3249 2916 36 3025
3136 5476 729 9604 16 841 100 6400 6561 3969
256 64 9409 6084 3844 100 4624 3136 441 2809
1225 6241 5184 529 8836 7056 4356 289 1849 6889
8836 289 9604 7056 4356 961 3025 4096 9025 529
529 4225 196 3600 1681 225 7921 3481 2601 3249
2916 784 625 4900 6084 3600 9801 5184 6241 961
1849 9 9409 2116 5776 3364 484 1225 4900 841
324 8100 2704 3721 3844 484 961 5625 3136 841
5329 484 1225 2025 9 8649 3136 1369 5625 900
64 4 529 3969 2704 3844 8100 6889 2601 9604
4356 8649 1156 1369 36 8281 1089 1936 4 7744
8100 2401 196 1089 1296 3136 36 5929 4096 0
7396 529 8100 256 5329 7225 2500 2025 2401 9
5041 1444 36 1681 729 16 324 361 2025 4900
4900 3481 2704 2116 625 5929 4489 8100 2025 7921
576 9 1089 4624 2500 3844 9801 2209 169 1225
9216 36 6084 3136 8836 5041 6241 8464 3249 1089
400 961 484 5776 1444 1089 324 841 2401 1156
1 900 2809 441 9604 6724 3136 2401 225 7396
1296 3600 625 3025 1156 2304 5184 7744 961 256
1521 5929 8836 3136 289 7056 841 3844 729 1764
5329 9 0 3721 4900 361 2704 5184 1764 2809
2209 2916 81 49 2401 5625 2809 7396 8281 64
9409 4624 196 2601 81 900 784 6241 5041 6889
324 2809 3364 49 8649 2025 1849 676 2116 4096
529 4 4624 2916 484 784 144 2025 169 441
2209 5929 1369 5476 529 6084 2500 2116 2704 3600
4096 81 900 5476 9604 2916 7569 676 324 484
121 6724 400 529 729 1225 36 9 7569 256
4 36 1296 1444 144 8649 6724 2401 441 1156
2209 576 900 7396 2401 1764 7569 8281 3600 100
7056 529 1156 9801 1444 2209 2116 9 1764 2601
9025 400 6724 3481 8281 49 2025 144 2304 2500
1764 9025 8836 196 1681 121 4624 8464 7569 841
121 196 49 6724 8464 7056 4356 729 9025 6084
5625 6400 2401 5476 1849 676 1024 4900 8836 4489
6724 4489 25 6084 49 81 5329 7921 400 5184
7396 4489 2304 4225 169 1600 7921 2500 4096 1849
5184 4489 9409 256 81 9801 7921 1024 6084 4
361 8836 3364 4489 2116 169 7056 144 9025 4225
1849 2304 256 9604 784 64 1 2025 676 324
9216 3136 2304 7056 0 6561 49 7396 441 4356
289 2209 900 7921 324 1225 6889 2025 6561 2500
100 4096 9 7225 6400 576 225 4624 289 9409
2116 1936 5041 3481 0 144 1 225 81 49
4356 1024 4096 1 0 1089 100 5184 7056 225
6724 5776 8836 4624 9801 529 1521 676 900 5041
529 3844 1156 1849 1764 2601 1296 289 7225 324
5184 16 8836 4900 3025 361 5929 1521 1 256
484 169 676 3844 4356 1225 1681 7921 361 9025
289 7056 9025 25 9409 961 1296 2500 5476 1849
2704 4761 5041 121 8281 576 5476 4624 3481 5929
729 9025 100 2209 1156 6400 1225 225 4624 4
5184 9 8464 6724 3721 3025 100 3844 6084 6400
2209 729 5184 2916 169 2025 1024 16 1444 7921
484 9604 1849 1024 6084 7225 900 9801 2916 3844
3600 2500 3481 1296 576 7569 1849 3844 529 2809
1156 5329 2809 2116 9 3249 4225 4 5184 3721
225 7569 16 4356 3721 7396 9 7056 2025 1936
5625 0 4624 8464 2116 676 3844 225 7225 2601
2500 3249 1024 6084 361 5929 324 9409 2209 400
3844 2500 900 3249 81 121 4489 1521 729 7744
1521 6400 625 7744 1849 900 169 1369 3721 3844
1849 196 9409 5625 4356 1 400 4900 6241 3481
625 9 3969 36 441 7921 8836 5041 1600 3249
256 8100 5625 5929 8281 1296 1156 1521 169 1024
25 576 9025 2601 81 9 4356 9604 961 8649
1521 9 6889 961 2500 4225 9801 1 49 5041
4 1521 576 9604 961 5329 169 2601 7396 25
2304 49 7225 7569 841 9216 169 1 8836 9
9604 2025 5184 3600 2401 8281 2601 1156 3025 1024
9216 36 9409 121 3844 5184 576 9604 0 729
100 6241 8100 2116 3249 6561 7225 25 9025 9216
4489 81 7569 4356 4624 1764 9409 6724 7225 900
4225 6561 4 841 6084 1024 6724 6400 2025 9409
6889 5476 1156 841 2500 2601 25 7744 1521 64
1521 7225 1 900 7056 6400 121 729 16 324
3481 196 5041 1369 9025 8100 4624 16 3136 64
2116 9801 4 25 6889 1849 441 6724 1024 5041
6241 900 1936 6561 324 676 1764 2209 1024 1225
1936 6084 5476 2401 3481 7569 6241 1024 2116 9025
2209 4900 484 7225 1089 361 196 225 25 3136
5625 676 6889 256 7396 3025 6400 3364 2704 4096
5329 1849 2601 961 625 3721 3481 4489 2916 7569
1849 8281 4096 9801 8464 256 6400 1 7225 8649
2916 784 6084 4624 3721 2025 5476 1936 7225 0
196 7744 4624 4900 9025 225 2401 2704 4 8100
576 361 784 5184 7744 625 2500 841 441 9
7921 400 2500 3481 1849 2401 2601 3364 100 1024
441 3600 3364 324 5929 100 2116 4624 7569 2704
9801 2209 961 3844 2916 9216 4356 0 9409 1156
2209 9604 2116 9025 900 576 7225 676 7056 144
5625 841 2025 1296 900 5041 225 5329 1225 4761
6889 5184 64 961 4225 1089 4 2209 121 361
1156 9216 1681 3249 3025 6084 5041 5929 2401 529
1681 1849 256 729 625 6400 2304 1024 144 4761
64 196 3721 49 6724 6400 169 484 5476 25
9 3600 8281 1225 6724 5625 0 625 2304 2601
1600 961 2601 7056 5184 1849 2500 196 484 7569
8281 289 625 8100 2025 729 4489 49 3600 7921
5184 4225 2704 2401 2601 1764 2209 5476 3481 1444
6724 2209 2601 7396 4 1156 841 196 2116 6561
8281 8649 5776 289 9604 8100 9216 49 6724 144
7396 64 1369 1936 121 16 256 3721 7225 1089
225 81 6084 2304 1764 8836 625 5041 8281 4
4 3844 6561 9409 121 4761 196 1296 5329 441
9 16 8100 4356 100 49 4225 3721 8464 625
6241 1296 3249 1600 6724 1764 4900 8649 256 81
6561 4489 729 4 3249 529 5476 25 3721 5329
9216 9 2116 6241 5776 5625 1600 7225 3600 4900
6561 484 1521 1225 9 3025 5776 9216 256 576
4489 1681 7396 3481 2401 64 4624 2025 9216 1936
1600 729 4096 100 900 4900 3844 484 5476 2401
5184 4900 4761 6241 3600 169 1089 64 7921 289
196 4624 16 1225 4900 1024 2209 576 144 7396
4900 2304 900 3364 5625 6889 5041 529 3136 121
2116 2304 1600 5184 6241 36 1024 1296 484 4
6889 9604 3481 324 5041 1089 4624 144 36 4761
784 484 25 2809 9604 5041 1024 0 1764 2304
6084 25 49 900 5476 9025 7744 5776 1600 144
6400 7569 2601 841 3364 0 7056 5041 289 1444
2401 361 4624 9604 9025 1024 676 6724 900 64
1600 121 529 2209 484 324 4096 2116 784 7396
4356 841 3844 625 3969 361 4225 2500 1024 529
4489 289 841 5625 8836 2809 7921 1156 9216 1089
100 484 9409 324 3025 0 1089 2601 8281 7921
1 144 9801 441 1764 4761 256 7396 2916 3025
8281 8649 289 7225 5329 1521 841 1849 7396 400
2025 5184 4096 7921 676 144 7569 7056 25 484
441 729 1936 3025 1156 25 196 6561 6400 5184
0 81 1764 2809 841 3844 8836 25 400 676
3969 3600 784 4761 7921 2209 324 576 676 1936
2304 4489 529 676 441 3481 2025 625 2500 8281
2116 8649 2601 3249 6561 361 625 576 64 1849
2601 9216 1444 9801 4 121 2025 2116 4624 5476
1936 81 729 8281 1296 3025 2304 6561 9216 225
1024 676 2025 1849 1089 7744 9409 8100 484 0
8281 1225 2401 7744 784 9216 361 6400 196 4
0 6400 1156 7396 4 2209 25 961 784 361
4761 36 1024 1296 6724 4096 3364 9409 1444 6561
